timeStamp,elapsed,label,responseCode,responseMessage,threadName,dataType,success,failureMessage,bytes,sentBytes,grpThreads,allThreads,URL,Latency,IdleTime,Connect
1545934714977,2159,HTTP Request,200,OK,Thread Group 1-443,text,true,,22003,118,1000,1000,http://35.247.123.223/,1939,0,620
1545934714636,2506,HTTP Request,200,OK,Thread Group 1-155,text,true,,22003,118,999,999,http://35.247.123.223/,2280,0,968
1545934714636,2512,HTTP Request,200,OK,Thread Group 1-125,text,true,,22003,118,998,998,http://35.247.123.223/,2280,0,962
1545934714977,2178,HTTP Request,200,OK,Thread Group 1-442,text,true,,22003,118,997,997,http://35.247.123.223/,1939,0,627
1545934714979,2202,HTTP Request,200,OK,Thread Group 1-444,text,true,,22003,118,996,996,http://35.247.123.223/,1961,0,642
1545934714638,2555,HTTP Request,200,OK,Thread Group 1-153,text,true,,22003,118,995,995,http://35.247.123.223/,2295,0,1020
1545934714640,2633,HTTP Request,200,OK,Thread Group 1-95,text,true,,22003,118,994,994,http://35.247.123.223/,2370,0,979
1545934714639,2670,HTTP Request,200,OK,Thread Group 1-179,text,true,,22003,118,993,993,http://35.247.123.223/,2386,0,1024
1545934714638,2677,HTTP Request,200,OK,Thread Group 1-140,text,true,,22003,118,992,992,http://35.247.123.223/,2392,0,995
1545934714637,2685,HTTP Request,200,OK,Thread Group 1-54,text,true,,22003,118,991,991,http://35.247.123.223/,2406,0,1002
1545934714632,2719,HTTP Request,200,OK,Thread Group 1-16,text,true,,22003,118,990,990,http://35.247.123.223/,2484,0,1031
1545934714640,2777,HTTP Request,200,OK,Thread Group 1-152,text,true,,22003,118,989,989,http://35.247.123.223/,2555,0,1024
1545934714986,2452,HTTP Request,200,OK,Thread Group 1-450,text,true,,22003,118,988,988,http://35.247.123.223/,2220,0,675
1545934714609,2836,HTTP Request,200,OK,Thread Group 1-165,text,true,,22003,118,987,987,http://35.247.123.223/,2622,0,1033
1545934714970,2501,HTTP Request,200,OK,Thread Group 1-438,text,true,,22003,118,986,986,http://35.247.123.223/,2273,0,702
1545934714600,2881,HTTP Request,200,OK,Thread Group 1-122,text,true,,22003,118,985,985,http://35.247.123.223/,2670,0,1044
1545934714634,2860,HTTP Request,200,OK,Thread Group 1-141,text,true,,22003,118,984,984,http://35.247.123.223/,2641,0,1029
1545934714644,2853,HTTP Request,200,OK,Thread Group 1-10,text,true,,22003,118,983,983,http://35.247.123.223/,2378,0,979
1545934714982,2604,HTTP Request,200,OK,Thread Group 1-447,text,true,,22003,118,982,982,http://35.247.123.223/,2378,0,661
1545934714984,2657,HTTP Request,200,OK,Thread Group 1-448,text,true,,22003,118,981,981,http://35.247.123.223/,2430,0,669
1545934714601,3050,HTTP Request,200,OK,Thread Group 1-30,text,true,,22003,118,980,980,http://35.247.123.223/,2830,0,1058
1545934714641,3106,HTTP Request,200,OK,Thread Group 1-92,text,true,,22003,118,979,979,http://35.247.123.223/,2867,0,1033
1545934714627,3139,HTTP Request,200,OK,Thread Group 1-137,text,true,,22003,118,978,978,http://35.247.123.223/,2902,0,1034
1545934714606,3162,HTTP Request,200,OK,Thread Group 1-15,text,true,,22003,118,977,977,http://35.247.123.223/,2373,0,1046
1545934714612,3185,HTTP Request,200,OK,Thread Group 1-123,text,true,,22003,118,976,976,http://35.247.123.223/,2512,0,1026
1545934714640,3163,HTTP Request,200,OK,Thread Group 1-143,text,true,,22003,118,975,975,http://35.247.123.223/,2754,0,1017
1545934714644,3232,HTTP Request,200,OK,Thread Group 1-147,text,true,,22003,118,974,974,http://35.247.123.223/,2686,0,1020
1545934714989,2907,HTTP Request,200,OK,Thread Group 1-452,text,true,,22003,118,973,973,http://35.247.123.223/,2657,0,674
1545934714991,2976,HTTP Request,200,OK,Thread Group 1-453,text,true,,22003,118,972,972,http://35.247.123.223/,2691,0,679
1545934714986,2990,HTTP Request,200,OK,Thread Group 1-449,text,true,,22003,118,971,971,http://35.247.123.223/,2709,0,675
1545934714963,3022,HTTP Request,200,OK,Thread Group 1-432,text,true,,22003,118,970,970,http://35.247.123.223/,2742,0,734
1545934714982,3076,HTTP Request,200,OK,Thread Group 1-446,text,true,,22003,118,969,969,http://35.247.123.223/,2578,0,661
1545934714636,3424,HTTP Request,200,OK,Thread Group 1-14,text,true,,22003,118,968,968,http://35.247.123.223/,3169,0,1063
1545934715142,2920,HTTP Request,Non HTTP response code: java.net.SocketException,Non HTTP response message: Connection reset,Thread Group 1-570,text,false,,2437,0,967,967,http://35.247.123.223/,0,0,1182
1545934714988,3078,HTTP Request,200,OK,Thread Group 1-451,text,true,,22003,118,966,966,http://35.247.123.223/,2826,0,675
1545934715183,2890,HTTP Request,Non HTTP response code: java.net.SocketException,Non HTTP response message: Connection reset,Thread Group 1-597,text,false,,2437,0,965,965,http://35.247.123.223/,0,0,1280
1545934714603,3477,HTTP Request,200,OK,Thread Group 1-120,text,true,,22003,118,964,964,http://35.247.123.223/,2731,0,1050
1545934714971,3109,HTTP Request,200,OK,Thread Group 1-440,text,true,,22003,118,964,964,http://35.247.123.223/,2850,0,701
1545934715277,2865,HTTP Request,Non HTTP response code: java.net.SocketException,Non HTTP response message: Connection reset,Thread Group 1-671,text,false,,2437,0,962,962,http://35.247.123.223/,0,0,1226
1545934715414,2780,HTTP Request,Non HTTP response code: java.net.SocketException,Non HTTP response message: Connection reset,Thread Group 1-783,text,false,,2437,0,961,961,http://35.247.123.223/,0,0,1222
1545934715149,3109,HTTP Request,Non HTTP response code: java.net.SocketException,Non HTTP response message: Connection reset,Thread Group 1-575,text,false,,2437,0,960,960,http://35.247.123.223/,0,0,1200
1545934714771,3487,HTTP Request,Non HTTP response code: java.net.SocketException,Non HTTP response message: Connection reset,Thread Group 1-282,text,false,,2437,0,960,960,http://35.247.123.223/,0,0,1570
1545934714757,3509,HTTP Request,Non HTTP response code: java.net.SocketException,Non HTTP response message: Connection reset,Thread Group 1-272,text,false,,2437,0,958,958,http://35.247.123.223/,0,0,1614
1545934715276,3010,HTTP Request,Non HTTP response code: java.net.SocketException,Non HTTP response message: Connection reset,Thread Group 1-670,text,false,,2437,0,957,957,http://35.247.123.223/,0,0,1229
1545934714643,3643,HTTP Request,Non HTTP response code: java.net.SocketException,Non HTTP response message: Connection reset,Thread Group 1-72,text,false,,2437,0,956,956,http://35.247.123.223/,0,0,1712
1545934715277,3009,HTTP Request,Non HTTP response code: java.net.SocketException,Non HTTP response message: Connection reset,Thread Group 1-672,text,false,,2437,0,955,955,http://35.247.123.223/,0,0,1228
1545934715280,3006,HTTP Request,Non HTTP response code: java.net.SocketException,Non HTTP response message: Connection reset,Thread Group 1-673,text,false,,2437,0,954,954,http://35.247.123.223/,0,0,1228
1545934714762,3524,HTTP Request,Non HTTP response code: java.net.SocketException,Non HTTP response message: Connection reset,Thread Group 1-274,text,false,,2437,0,953,953,http://35.247.123.223/,0,0,1606
1545934715282,3011,HTTP Request,Non HTTP response code: java.net.SocketException,Non HTTP response message: Connection reset,Thread Group 1-677,text,false,,2437,0,952,952,http://35.247.123.223/,0,0,1231
1545934715287,3011,HTTP Request,Non HTTP response code: java.net.SocketException,Non HTTP response message: Connection reset,Thread Group 1-679,text,false,,2437,0,951,951,http://35.247.123.223/,0,0,1236
1545934715294,3004,HTTP Request,Non HTTP response code: java.net.SocketException,Non HTTP response message: Connection reset,Thread Group 1-685,text,false,,2437,0,950,950,http://35.247.123.223/,0,0,1235
1545934715282,3016,HTTP Request,Non HTTP response code: java.net.SocketException,Non HTTP response message: Connection reset,Thread Group 1-678,text,false,,2437,0,950,950,http://35.247.123.223/,0,0,1241
1545934715316,2985,HTTP Request,Non HTTP response code: java.net.SocketException,Non HTTP response message: Connection reset,Thread Group 1-704,text,false,,2437,0,948,948,http://35.247.123.223/,0,0,1247
1545934715449,2905,HTTP Request,Non HTTP response code: java.net.SocketException,Non HTTP response message: Connection reset,Thread Group 1-792,text,false,,2437,0,947,947,http://35.247.123.223/,0,0,1212
1545934715446,2908,HTTP Request,Non HTTP response code: java.net.SocketException,Non HTTP response message: Connection reset,Thread Group 1-806,text,false,,2437,0,947,947,http://35.247.123.223/,0,0,1212
1545934715446,2868,HTTP Request,Non HTTP response code: java.net.SocketException,Non HTTP response message: Connection reset,Thread Group 1-807,text,false,,2437,0,945,945,http://35.247.123.223/,0,0,1212
1545934715323,2991,HTTP Request,Non HTTP response code: java.net.SocketException,Non HTTP response message: Connection reset,Thread Group 1-707,text,false,,2437,0,945,945,http://35.247.123.223/,0,0,1240
1545934715445,2869,HTTP Request,Non HTTP response code: java.net.SocketException,Non HTTP response message: Connection reset,Thread Group 1-805,text,false,,2437,0,945,945,http://35.247.123.223/,0,0,1211
1545934715448,2906,HTTP Request,Non HTTP response code: java.net.SocketException,Non HTTP response message: Connection reset,Thread Group 1-798,text,false,,2437,0,945,945,http://35.247.123.223/,0,0,1210
1545934715414,2900,HTTP Request,Non HTTP response code: java.net.SocketException,Non HTTP response message: Connection reset,Thread Group 1-781,text,false,,2437,0,945,945,http://35.247.123.223/,0,0,1218
1545934715445,2869,HTTP Request,Non HTTP response code: java.net.SocketException,Non HTTP response message: Connection reset,Thread Group 1-786,text,false,,2437,0,945,945,http://35.247.123.223/,0,0,1205
1545934715450,2904,HTTP Request,Non HTTP response code: java.net.SocketException,Non HTTP response message: Connection reset,Thread Group 1-789,text,false,,2437,0,947,947,http://35.247.123.223/,0,0,1220
1545934715447,2907,HTTP Request,Non HTTP response code: java.net.SocketException,Non HTTP response message: Connection reset,Thread Group 1-809,text,false,,2437,0,945,945,http://35.247.123.223/,0,0,1213
1545934715393,2921,HTTP Request,Non HTTP response code: java.net.SocketException,Non HTTP response message: Connection reset,Thread Group 1-764,text,false,,2437,0,944,944,http://35.247.123.223/,0,0,1227
1545934715447,2907,HTTP Request,Non HTTP response code: java.net.SocketException,Non HTTP response message: Connection reset,Thread Group 1-801,text,false,,2437,0,947,947,http://35.247.123.223/,0,0,1213
1545934715445,2909,HTTP Request,Non HTTP response code: java.net.SocketException,Non HTTP response message: Connection reset,Thread Group 1-804,text,false,,2437,0,943,943,http://35.247.123.223/,0,0,1205
1545934715329,2985,HTTP Request,Non HTTP response code: java.net.SocketException,Non HTTP response message: Connection reset,Thread Group 1-712,text,false,,2437,0,943,943,http://35.247.123.223/,0,0,1236
1545934715547,2807,HTTP Request,Non HTTP response code: java.net.SocketException,Non HTTP response message: Connection reset,Thread Group 1-886,text,false,,2437,0,941,941,http://35.247.123.223/,0,0,1247
1545934715552,2802,HTTP Request,Non HTTP response code: java.net.SocketException,Non HTTP response message: Connection reset,Thread Group 1-889,text,false,,2437,0,937,937,http://35.247.123.223/,0,0,1254
1545934715552,2802,HTTP Request,Non HTTP response code: java.net.SocketException,Non HTTP response message: Connection reset,Thread Group 1-890,text,false,,2437,0,937,937,http://35.247.123.223/,0,0,1255
1545934715336,2978,HTTP Request,Non HTTP response code: java.net.SocketException,Non HTTP response message: Connection reset,Thread Group 1-719,text,false,,2437,0,935,935,http://35.247.123.223/,0,0,1238
1545934715552,2802,HTTP Request,Non HTTP response code: java.net.SocketException,Non HTTP response message: Connection reset,Thread Group 1-891,text,false,,2437,0,933,933,http://35.247.123.223/,0,0,1248
1545934714991,3400,HTTP Request,200,OK,Thread Group 1-455,text,true,,22003,118,928,928,http://35.247.123.223/,3037,0,677
1545934715001,3393,HTTP Request,200,OK,Thread Group 1-459,text,true,,22003,118,927,927,http://35.247.123.223/,3138,0,702
1545934714636,3794,HTTP Request,200,OK,Thread Group 1-96,text,true,,22003,118,926,926,http://35.247.123.223/,3268,0,1038
1545934714636,3838,HTTP Request,200,OK,Thread Group 1-4,text,true,,22003,118,925,925,http://35.247.123.223/,3837,0,1041
1545934714658,3879,HTTP Request,200,OK,Thread Group 1-197,text,true,,22003,118,924,924,http://35.247.123.223/,3588,0,1045
1545934714635,3909,HTTP Request,200,OK,Thread Group 1-42,text,true,,22003,118,923,923,http://35.247.123.223/,3613,0,1075
1545934714956,3595,HTTP Request,200,OK,Thread Group 1-427,text,true,,22003,118,922,922,http://35.247.123.223/,3304,0,754
1545934714656,3901,HTTP Request,200,OK,Thread Group 1-194,text,true,,22003,118,921,921,http://35.247.123.223/,3602,0,1045
1545934715009,3555,HTTP Request,200,OK,Thread Group 1-465,text,true,,22003,118,920,920,http://35.247.123.223/,3278,0,759
1545934714640,3935,HTTP Request,200,OK,Thread Group 1-53,text,true,,22003,118,919,919,http://35.247.123.223/,3646,0,1131
1545934714971,3605,HTTP Request,200,OK,Thread Group 1-439,text,true,,22003,118,918,918,http://35.247.123.223/,2476,0,701
1545934714640,3948,HTTP Request,200,OK,Thread Group 1-9,text,true,,22003,118,917,917,http://35.247.123.223/,2915,0,1023
1545934715291,3304,HTTP Request,Non HTTP response code: java.net.SocketException,Non HTTP response message: Connection reset,Thread Group 1-683,text,false,,2437,0,916,916,http://35.247.123.223/,0,0,1237
1545934715272,3323,HTTP Request,Non HTTP response code: java.net.SocketException,Non HTTP response message: Connection reset,Thread Group 1-668,text,false,,2437,0,916,916,http://35.247.123.223/,0,0,1231
1545934714634,3980,HTTP Request,200,OK,Thread Group 1-73,text,true,,22003,118,914,914,http://35.247.123.223/,3720,0,1169
1545934715291,3309,HTTP Request,Non HTTP response code: java.net.SocketException,Non HTTP response message: Connection reset,Thread Group 1-682,text,false,,2437,0,914,914,http://35.247.123.223/,0,0,1237
1545934715282,3318,HTTP Request,Non HTTP response code: java.net.SocketException,Non HTTP response message: Connection reset,Thread Group 1-676,text,false,,2437,0,914,914,http://35.247.123.223/,0,0,1240
1545934715293,3307,HTTP Request,Non HTTP response code: java.net.SocketException,Non HTTP response message: Connection reset,Thread Group 1-684,text,false,,2437,0,914,914,http://35.247.123.223/,0,0,1236
1545934715281,3319,HTTP Request,Non HTTP response code: java.net.SocketException,Non HTTP response message: Connection reset,Thread Group 1-674,text,false,,2437,0,914,914,http://35.247.123.223/,0,0,1228
1545934715363,3256,HTTP Request,Non HTTP response code: java.net.SocketException,Non HTTP response message: Connection reset,Thread Group 1-741,text,false,,2437,0,909,909,http://35.247.123.223/,0,0,1230
1545934715341,3291,HTTP Request,Non HTTP response code: java.net.SocketException,Non HTTP response message: Connection reset,Thread Group 1-721,text,false,,2437,0,908,908,http://35.247.123.223/,0,0,1236
1545934715364,3268,HTTP Request,Non HTTP response code: java.net.SocketException,Non HTTP response message: Connection reset,Thread Group 1-743,text,false,,2437,0,908,908,http://35.247.123.223/,0,0,1229
1545934714634,4041,HTTP Request,200,OK,Thread Group 1-19,text,true,,22003,118,906,906,http://35.247.123.223/,3726,0,1143
1545934715382,3297,HTTP Request,Non HTTP response code: java.net.SocketException,Non HTTP response message: Connection reset,Thread Group 1-755,text,false,,2437,0,905,905,http://35.247.123.223/,0,0,1229
1545934715372,3308,HTTP Request,Non HTTP response code: java.net.SocketException,Non HTTP response message: Connection reset,Thread Group 1-747,text,false,,2437,0,905,905,http://35.247.123.223/,0,0,1229
1545934714635,4105,HTTP Request,200,OK,Thread Group 1-24,text,true,,22003,118,903,903,http://35.247.123.223/,3873,0,1069
1545934714997,3745,HTTP Request,200,OK,Thread Group 1-457,text,true,,22003,118,902,902,http://35.247.123.223/,3161,0,700
1545934714636,4108,HTTP Request,200,OK,Thread Group 1-8,text,true,,22003,118,901,901,http://35.247.123.223/,2925,0,1036
1545934714640,4202,HTTP Request,200,OK,Thread Group 1-113,text,true,,22003,118,900,900,http://35.247.123.223/,3559,0,1059
1545934714643,4201,HTTP Request,200,OK,Thread Group 1-25,text,true,,22003,118,899,899,http://35.247.123.223/,3567,0,1068
1545934714724,4168,HTTP Request,200,OK,Thread Group 1-242,text,true,,22003,118,898,898,http://35.247.123.223/,3773,0,1155
1545934715007,3905,HTTP Request,200,OK,Thread Group 1-464,text,true,,22003,118,897,897,http://35.247.123.223/,3502,0,703
1545934714997,3967,HTTP Request,200,OK,Thread Group 1-458,text,true,,22003,118,896,896,http://35.247.123.223/,3376,0,680
1545934714927,4117,HTTP Request,200,OK,Thread Group 1-403,text,true,,22003,118,895,895,http://35.247.123.223/,3650,0,989
1545934714918,4159,HTTP Request,200,OK,Thread Group 1-387,text,true,,22003,118,894,894,http://35.247.123.223/,3731,0,1016
1545934715002,4088,HTTP Request,200,OK,Thread Group 1-462,text,true,,22003,118,893,893,http://35.247.123.223/,3310,0,701
1545934714635,4532,HTTP Request,200,OK,Thread Group 1-94,text,true,,22003,118,892,892,http://35.247.123.223/,4041,0,1102
1545934714639,4590,HTTP Request,200,OK,Thread Group 1-126,text,true,,22003,118,891,891,http://35.247.123.223/,3349,0,1035
1545934714959,4313,HTTP Request,200,OK,Thread Group 1-429,text,true,,22003,118,890,890,http://35.247.123.223/,3149,0,744
1545934714942,4557,HTTP Request,200,OK,Thread Group 1-416,text,true,,22003,118,889,889,http://35.247.123.223/,3920,0,869
1545934714727,4895,HTTP Request,200,OK,Thread Group 1-247,text,true,,22003,118,888,888,http://35.247.123.223/,4253,0,1145
1545934714887,4860,HTTP Request,200,OK,Thread Group 1-373,text,true,,22003,118,887,887,http://35.247.123.223/,4191,0,1075
1545934714611,5138,HTTP Request,200,OK,Thread Group 1-7,text,true,,22003,118,886,886,http://35.247.123.223/,4452,0,1351
1545934714918,4881,HTTP Request,200,OK,Thread Group 1-385,text,true,,22003,118,885,885,http://35.247.123.223/,4174,0,1014
1545934714925,4902,HTTP Request,200,OK,Thread Group 1-401,text,true,,22003,118,884,884,http://35.247.123.223/,4178,0,991
1545934714965,4928,HTTP Request,200,OK,Thread Group 1-436,text,true,,22003,118,883,883,http://35.247.123.223/,3063,0,712
1545934714916,4996,HTTP Request,200,OK,Thread Group 1-396,text,true,,22003,118,882,882,http://35.247.123.223/,4261,0,1018
1545934714661,5257,HTTP Request,200,OK,Thread Group 1-199,text,true,,22003,118,881,881,http://35.247.123.223/,4527,0,1255
1545934715040,4925,HTTP Request,200,OK,Thread Group 1-490,text,true,,22003,118,880,880,http://35.247.123.223/,3674,0,894
1545934714915,5093,HTTP Request,200,OK,Thread Group 1-391,text,true,,22003,118,879,879,http://35.247.123.223/,4463,0,1019
1545934714919,5102,HTTP Request,200,OK,Thread Group 1-381,text,true,,22003,118,878,878,http://35.247.123.223/,3793,0,1005
1545934714609,5419,HTTP Request,200,OK,Thread Group 1-167,text,true,,22003,118,877,877,http://35.247.123.223/,4629,0,1366
1545934714636,5461,HTTP Request,200,OK,Thread Group 1-83,text,true,,22003,118,876,876,http://35.247.123.223/,4665,0,1298
1545934714936,5220,HTTP Request,200,OK,Thread Group 1-410,text,true,,22003,118,875,875,http://35.247.123.223/,3459,0,911
1545934714915,5277,HTTP Request,200,OK,Thread Group 1-393,text,true,,22003,118,874,874,http://35.247.123.223/,3897,0,1036
1545934714643,5601,HTTP Request,200,OK,Thread Group 1-131,text,true,,22003,118,873,873,http://35.247.123.223/,4186,0,1129
1545934714957,5300,HTTP Request,200,OK,Thread Group 1-428,text,true,,22003,118,872,872,http://35.247.123.223/,3529,0,747
1545934715016,5249,HTTP Request,200,OK,Thread Group 1-471,text,true,,22003,118,871,871,http://35.247.123.223/,3432,0,792
1545934715042,5348,HTTP Request,200,OK,Thread Group 1-493,text,true,,22003,118,870,870,http://35.247.123.223/,3803,0,913
1545934714861,5548,HTTP Request,200,OK,Thread Group 1-352,text,true,,22003,118,869,869,http://35.247.123.223/,4639,0,1188
1545934714611,5860,HTTP Request,200,OK,Thread Group 1-168,text,true,,22003,118,868,868,http://35.247.123.223/,4911,0,1351
1545934714604,5881,HTTP Request,200,OK,Thread Group 1-29,text,true,,22003,118,867,867,http://35.247.123.223/,4944,0,1453
1545934714640,5952,HTTP Request,200,OK,Thread Group 1-145,text,true,,22003,118,866,866,http://35.247.123.223/,4283,0,1183
1545934714953,5715,HTTP Request,200,OK,Thread Group 1-424,text,true,,22003,118,865,865,http://35.247.123.223/,3661,0,758
1545934714625,6109,HTTP Request,200,OK,Thread Group 1-43,text,true,,22003,118,864,864,http://35.247.123.223/,5107,0,1488
1545934714723,6022,HTTP Request,200,OK,Thread Group 1-202,text,true,,22003,118,863,863,http://35.247.123.223/,4308,0,1123
1545934714610,6227,HTTP Request,200,OK,Thread Group 1-102,text,true,,22003,118,862,862,http://35.247.123.223/,5193,0,1364
1545934715002,5869,HTTP Request,200,OK,Thread Group 1-460,text,true,,22003,118,861,861,http://35.247.123.223/,3801,0,701
1545934714643,6239,HTTP Request,200,OK,Thread Group 1-146,text,true,,22003,118,860,860,http://35.247.123.223/,4051,0,1155
1545934715063,5859,HTTP Request,200,OK,Thread Group 1-508,text,true,,22003,118,859,859,http://35.247.123.223/,4830,0,958
1545934714608,6355,HTTP Request,200,OK,Thread Group 1-78,text,true,,22003,118,858,858,http://35.247.123.223/,2775,0,1035
1545934715091,5884,HTTP Request,200,OK,Thread Group 1-528,text,true,,22003,118,857,857,http://35.247.123.223/,4862,0,1049
1545934714624,6357,HTTP Request,200,OK,Thread Group 1-40,text,true,,22003,118,856,856,http://35.247.123.223/,5342,0,1533
1545934714734,6261,HTTP Request,200,OK,Thread Group 1-216,text,true,,22003,118,855,855,http://35.247.123.223/,5244,0,1406
1545934714605,6552,HTTP Request,200,OK,Thread Group 1-163,text,true,,22003,118,854,854,http://35.247.123.223/,5465,0,1447
1545934715102,6072,HTTP Request,200,OK,Thread Group 1-539,text,true,,22003,118,853,853,http://35.247.123.223/,6022,0,1072
1545934715102,6097,HTTP Request,200,OK,Thread Group 1-538,text,true,,22003,118,852,852,http://35.247.123.223/,5031,0,1078
1545934715076,6151,HTTP Request,200,OK,Thread Group 1-516,text,true,,22003,118,851,851,http://35.247.123.223/,5068,0,1003
1545934714608,6641,HTTP Request,200,OK,Thread Group 1-17,text,true,,22003,118,850,850,http://35.247.123.223/,4762,0,1403
1545934714859,6469,HTTP Request,200,OK,Thread Group 1-349,text,true,,22003,118,849,849,http://35.247.123.223/,5344,0,1200
1545934714917,6427,HTTP Request,200,OK,Thread Group 1-390,text,true,,22003,118,848,848,http://35.247.123.223/,4464,0,1023
1545934714866,6479,HTTP Request,200,OK,Thread Group 1-357,text,true,,22003,118,847,847,http://35.247.123.223/,4524,0,1165
1545934714982,6453,HTTP Request,200,OK,Thread Group 1-445,text,true,,22003,118,846,846,http://35.247.123.223/,2108,0,660
1545934715113,6341,HTTP Request,200,OK,Thread Group 1-548,text,true,,22003,118,845,845,http://35.247.123.223/,5176,0,1107
1545934714894,6561,HTTP Request,200,OK,Thread Group 1-379,text,true,,22003,118,845,845,http://35.247.123.223/,4569,0,1061
1545934715082,6392,HTTP Request,200,OK,Thread Group 1-521,text,true,,22003,118,843,843,http://35.247.123.223/,5227,0,1031
1545934714601,6879,HTTP Request,200,OK,Thread Group 1-5,text,true,,22003,118,842,842,http://35.247.123.223/,5711,0,1529
1545934714805,6740,HTTP Request,200,OK,Thread Group 1-313,text,true,,22003,118,841,841,http://35.247.123.223/,5552,0,1425
1545934714607,6969,HTTP Request,200,OK,Thread Group 1-76,text,true,,22003,118,840,840,http://35.247.123.223/,4853,0,1426
1545934714731,6868,HTTP Request,200,OK,Thread Group 1-224,text,true,,22003,118,839,839,http://35.247.123.223/,5683,0,1512
1545934715123,6494,HTTP Request,200,OK,Thread Group 1-558,text,true,,22003,118,838,838,http://35.247.123.223/,5301,0,1159
1545934714942,6708,HTTP Request,200,OK,Thread Group 1-415,text,true,,22003,118,837,837,http://35.247.123.223/,4580,0,870
1545934714891,6774,HTTP Request,200,OK,Thread Group 1-377,text,true,,22003,118,836,836,http://35.247.123.223/,4045,0,1069
1545934715074,6613,HTTP Request,200,OK,Thread Group 1-515,text,true,,22003,118,835,835,http://35.247.123.223/,4519,0,996
1545934714846,6860,HTTP Request,200,OK,Thread Group 1-341,text,true,,22003,118,834,834,http://35.247.123.223/,5699,0,1266
1545934714617,7092,HTTP Request,200,OK,Thread Group 1-170,text,true,,22003,118,833,833,http://35.247.123.223/,5005,0,1468
1545934714601,7158,HTTP Request,200,OK,Thread Group 1-13,text,true,,22003,118,832,832,http://35.247.123.223/,5959,0,1556
1545934714834,6999,HTTP Request,200,OK,Thread Group 1-331,text,true,,22003,118,831,831,http://35.247.123.223/,6982,0,1314
1545934714884,6960,HTTP Request,200,OK,Thread Group 1-370,text,true,,22003,118,830,830,http://35.247.123.223/,4778,0,1090
1545934714601,7263,HTTP Request,200,OK,Thread Group 1-103,text,true,,22003,118,829,829,http://35.247.123.223/,2777,0,1043
1545934714651,7219,HTTP Request,200,OK,Thread Group 1-188,text,true,,22003,118,828,828,http://35.247.123.223/,4315,0,1304
1545934714822,7127,HTTP Request,200,OK,Thread Group 1-323,text,true,,22003,118,827,827,http://35.247.123.223/,5898,0,1356
1545934715050,6901,HTTP Request,200,OK,Thread Group 1-498,text,true,,22003,118,826,826,http://35.247.123.223/,4593,0,924
1545934714773,7200,HTTP Request,200,OK,Thread Group 1-283,text,true,,22003,118,825,825,http://35.247.123.223/,5962,0,1568
1545934714600,7412,HTTP Request,200,OK,Thread Group 1-109,text,true,,22003,118,824,824,http://35.247.123.223/,6160,0,1590
1545934714738,7475,HTTP Request,200,OK,Thread Group 1-208,text,true,,22003,118,823,823,http://35.247.123.223/,6224,0,1634
1545934714884,7335,HTTP Request,200,OK,Thread Group 1-371,text,true,,22003,118,822,822,http://35.247.123.223/,4245,0,1090
1545934714748,7479,HTTP Request,200,OK,Thread Group 1-265,text,true,,22003,118,821,821,http://35.247.123.223/,6257,0,1676
1545934714607,7623,HTTP Request,200,OK,Thread Group 1-38,text,true,,22003,118,820,820,http://35.247.123.223/,4509,0,1367
1545934715167,7069,HTTP Request,200,OK,Thread Group 1-588,text,true,,22003,118,819,819,http://35.247.123.223/,5858,0,1257
1545934715282,7029,HTTP Request,Non HTTP response code: java.net.SocketException,Non HTTP response message: Connection reset,Thread Group 1-675,text,false,,2437,0,818,818,http://35.247.123.223/,0,0,1241
1545934714876,7442,HTTP Request,200,OK,Thread Group 1-364,text,true,,22003,118,817,817,http://35.247.123.223/,5356,0,1119
1545934714805,7553,HTTP Request,200,OK,Thread Group 1-312,text,true,,22003,118,816,816,http://35.247.123.223/,6353,0,1435
1545934714644,7783,HTTP Request,200,OK,Thread Group 1-71,text,true,,22003,118,815,815,http://35.247.123.223/,6586,0,1646
1545934714919,7540,HTTP Request,200,OK,Thread Group 1-384,text,true,,22003,118,814,814,http://35.247.123.223/,4360,0,1015
1545934714738,7727,HTTP Request,200,OK,Thread Group 1-256,text,true,,22003,118,813,813,http://35.247.123.223/,6533,0,1552
1545934714732,7739,HTTP Request,200,OK,Thread Group 1-222,text,true,,22003,118,812,812,http://35.247.123.223/,6551,0,1552
1545934715042,7480,HTTP Request,200,OK,Thread Group 1-491,text,true,,22003,118,811,811,http://35.247.123.223/,4248,0,910
1545934715233,7316,HTTP Request,200,OK,Thread Group 1-638,text,true,,22003,118,810,810,http://35.247.123.223/,6083,0,1249
1545934715105,7475,HTTP Request,200,OK,Thread Group 1-540,text,true,,22003,118,809,809,http://35.247.123.223/,4993,0,1084
1545934715157,7518,HTTP Request,200,OK,Thread Group 1-580,text,true,,22003,118,808,808,http://35.247.123.223/,6326,0,1210
1545934714725,7950,HTTP Request,200,OK,Thread Group 1-245,text,true,,22003,118,808,808,http://35.247.123.223/,3796,0,1126
1545934714630,8049,HTTP Request,200,OK,Thread Group 1-91,text,true,,22003,118,806,806,http://35.247.123.223/,3016,0,1033
1545934714755,7982,HTTP Request,200,OK,Thread Group 1-270,text,true,,22003,118,805,805,http://35.247.123.223/,6769,0,1667
1545934715018,7787,HTTP Request,200,OK,Thread Group 1-473,text,true,,22003,118,804,804,http://35.247.123.223/,3357,0,800
1545934714641,8171,HTTP Request,200,OK,Thread Group 1-44,text,true,,22003,118,803,803,http://35.247.123.223/,3357,0,1033
1545934715366,7448,HTTP Request,200,OK,Thread Group 1-744,text,true,,22003,118,802,802,http://35.247.123.223/,6254,0,1227
1545934715383,7465,HTTP Request,200,OK,Thread Group 1-756,text,true,,22003,118,801,801,http://35.247.123.223/,6254,0,1231
1545934714637,8229,HTTP Request,200,OK,Thread Group 1-59,text,true,,22003,118,800,800,http://35.247.123.223/,5037,0,1182
1545934714891,8006,HTTP Request,200,OK,Thread Group 1-378,text,true,,22003,118,799,799,http://35.247.123.223/,4601,0,1069
1545934715223,7694,HTTP Request,200,OK,Thread Group 1-629,text,true,,22003,118,798,798,http://35.247.123.223/,6548,0,1250
1545934714627,8303,HTTP Request,200,OK,Thread Group 1-157,text,true,,22003,118,797,797,http://35.247.123.223/,5979,0,1655
1545934715091,7846,HTTP Request,200,OK,Thread Group 1-531,text,true,,22003,118,796,796,http://35.247.123.223/,5539,0,1047
1545934714610,8384,HTTP Request,200,OK,Thread Group 1-39,text,true,,22003,118,795,795,http://35.247.123.223/,4968,0,1352
1545934714656,8391,HTTP Request,200,OK,Thread Group 1-193,text,true,,22003,118,794,794,http://35.247.123.223/,3934,0,1260
1545934715472,7595,HTTP Request,200,OK,Thread Group 1-826,text,true,,22003,118,793,793,http://35.247.123.223/,6480,0,1215
1545934715250,7830,HTTP Request,200,OK,Thread Group 1-651,text,true,,22003,118,792,792,http://35.247.123.223/,6725,0,1237
1545934715266,7821,HTTP Request,200,OK,Thread Group 1-663,text,true,,22003,118,791,791,http://35.247.123.223/,6718,0,1235
1545934714638,8465,HTTP Request,200,OK,Thread Group 1-178,text,true,,22003,118,790,790,http://35.247.123.223/,3111,0,1030
1545934714634,8471,HTTP Request,200,OK,Thread Group 1-129,text,true,,22003,118,789,789,http://35.247.123.223/,4111,0,1170
1545934714735,8477,HTTP Request,200,OK,Thread Group 1-213,text,true,,22003,118,788,788,http://35.247.123.223/,6103,0,1633
1545934715241,7984,HTTP Request,200,OK,Thread Group 1-643,text,true,,22003,118,787,787,http://35.247.123.223/,6578,0,1241
1545934715058,8168,HTTP Request,200,OK,Thread Group 1-504,text,true,,22003,118,786,786,http://35.247.123.223/,4281,0,946
1545934715161,8131,HTTP Request,200,OK,Thread Group 1-583,text,true,,22003,118,785,785,http://35.247.123.223/,5748,0,1211
1545934714727,8569,HTTP Request,200,OK,Thread Group 1-249,text,true,,22003,118,784,784,http://35.247.123.223/,5177,0,1247
1545934714637,8678,HTTP Request,200,OK,Thread Group 1-52,text,true,,22003,118,783,783,http://35.247.123.223/,2319,0,1021
1545934715149,8206,HTTP Request,200,OK,Thread Group 1-576,text,true,,22003,118,782,782,http://35.247.123.223/,5536,0,1193
1545934714891,8610,HTTP Request,200,OK,Thread Group 1-376,text,true,,22003,118,781,781,http://35.247.123.223/,4561,0,1069
1545934715213,8401,HTTP Request,200,OK,Thread Group 1-621,text,true,,22003,118,780,780,http://35.247.123.223/,7197,0,1258
1545934714812,8817,HTTP Request,200,OK,Thread Group 1-315,text,true,,22003,118,779,779,http://35.247.123.223/,6071,0,1400
1545934714974,8658,HTTP Request,200,OK,Thread Group 1-441,text,true,,22003,118,778,778,http://35.247.123.223/,2584,0,694
1545934714939,8759,HTTP Request,200,OK,Thread Group 1-412,text,true,,22003,118,777,777,http://35.247.123.223/,3493,0,899
1545934715245,8476,HTTP Request,200,OK,Thread Group 1-647,text,true,,22003,118,776,776,http://35.247.123.223/,6058,0,1239
1545934715256,8474,HTTP Request,200,OK,Thread Group 1-655,text,true,,22003,118,775,775,http://35.247.123.223/,7277,0,1231
1545934714605,9240,HTTP Request,200,OK,Thread Group 1-2,text,true,,22003,118,774,774,http://35.247.123.223/,6825,0,1443
1545934715225,8662,HTTP Request,200,OK,Thread Group 1-630,text,true,,22003,118,773,773,http://35.247.123.223/,5955,0,1248
1545934715236,8655,HTTP Request,200,OK,Thread Group 1-639,text,true,,22003,118,772,772,http://35.247.123.223/,7157,0,1246
1545934715158,8781,HTTP Request,200,OK,Thread Group 1-581,text,true,,22003,118,771,771,http://35.247.123.223/,7580,0,1213
1545934715382,8595,HTTP Request,200,OK,Thread Group 1-754,text,true,,22003,118,770,770,http://35.247.123.223/,6167,0,1232
1545934714890,9114,HTTP Request,200,OK,Thread Group 1-375,text,true,,22003,118,769,769,http://35.247.123.223/,4057,0,1070
1545934715052,8995,HTTP Request,200,OK,Thread Group 1-499,text,true,,22003,118,768,768,http://35.247.123.223/,4092,0,923
1545934715325,8723,HTTP Request,200,OK,Thread Group 1-708,text,true,,22003,118,767,767,http://35.247.123.223/,6318,0,1238
1545934714628,9427,HTTP Request,200,OK,Thread Group 1-41,text,true,,22003,118,766,766,http://35.247.123.223/,5618,0,1580
1545934714625,9431,HTTP Request,200,OK,Thread Group 1-69,text,true,,22003,118,765,765,http://35.247.123.223/,5608,0,1487
1545934715388,8673,HTTP Request,200,OK,Thread Group 1-761,text,true,,22003,118,764,764,http://35.247.123.223/,6270,0,1232
1545934714632,9499,HTTP Request,200,OK,Thread Group 1-124,text,true,,22003,118,763,763,http://35.247.123.223/,8015,0,1709
1545934715228,8914,HTTP Request,200,OK,Thread Group 1-633,text,true,,22003,118,762,762,http://35.247.123.223/,6538,0,1248
1545934715223,8939,HTTP Request,200,OK,Thread Group 1-628,text,true,,22003,118,761,761,http://35.247.123.223/,6611,0,1250
1545934715406,8827,HTTP Request,200,OK,Thread Group 1-776,text,true,,22003,118,760,760,http://35.247.123.223/,6445,0,1224
1545934715248,8992,HTTP Request,200,OK,Thread Group 1-649,text,true,,22003,118,759,759,http://35.247.123.223/,6612,0,1236
1545934714641,9609,HTTP Request,200,OK,Thread Group 1-48,text,true,,22003,118,758,758,http://35.247.123.223/,2410,0,1018
1545934715085,9180,HTTP Request,200,OK,Thread Group 1-525,text,true,,22003,118,757,757,http://35.247.123.223/,5404,0,1035
1545934715298,8980,HTTP Request,200,OK,Thread Group 1-687,text,true,,22003,118,756,756,http://35.247.123.223/,6716,0,1234
1545934715322,9015,HTTP Request,200,OK,Thread Group 1-706,text,true,,22003,118,755,755,http://35.247.123.223/,6763,0,1241
1545934715488,8916,HTTP Request,200,OK,Thread Group 1-838,text,true,,22003,118,754,754,http://35.247.123.223/,6647,0,1227
1545934714915,9543,HTTP Request,200,OK,Thread Group 1-380,text,true,,22003,118,753,753,http://35.247.123.223/,4558,0,1040
1545934714622,9837,HTTP Request,200,OK,Thread Group 1-173,text,true,,22003,118,752,752,http://35.247.123.223/,5881,0,1536
1545934715379,9082,HTTP Request,200,OK,Thread Group 1-753,text,true,,22003,118,751,751,http://35.247.123.223/,6804,0,1235
1545934715758,8710,HTTP Request,200,OK,Thread Group 1-991,text,true,,22003,118,750,750,http://35.247.123.223/,7545,0,1366
1545934715388,9268,HTTP Request,200,OK,Thread Group 1-763,text,true,,22003,118,749,749,http://35.247.123.223/,6897,0,1232
1545934714930,9746,HTTP Request,200,OK,Thread Group 1-407,text,true,,22003,118,748,748,http://35.247.123.223/,4975,0,976
1545934715097,9583,HTTP Request,200,OK,Thread Group 1-535,text,true,,22003,118,747,747,http://35.247.123.223/,7203,0,1064
1545934715481,9203,HTTP Request,200,OK,Thread Group 1-834,text,true,,22003,118,746,746,http://35.247.123.223/,6579,0,1232
1545934715057,9652,HTTP Request,200,OK,Thread Group 1-502,text,true,,22003,118,745,745,http://35.247.123.223/,6010,0,938
1545934714735,10082,HTTP Request,200,OK,Thread Group 1-211,text,true,,22003,118,744,744,http://35.247.123.223/,6085,0,1632
1545934714628,10190,HTTP Request,200,OK,Thread Group 1-138,text,true,,22003,118,744,744,http://35.247.123.223/,7782,0,1567
1545934715488,9370,HTTP Request,200,OK,Thread Group 1-839,text,true,,22003,118,742,742,http://35.247.123.223/,6984,0,1227
1545934715488,9378,HTTP Request,200,OK,Thread Group 1-837,text,true,,22003,118,741,741,http://35.247.123.223/,6989,0,1227
1545934714639,10261,HTTP Request,200,OK,Thread Group 1-74,text,true,,22003,118,740,740,http://35.247.123.223/,3816,0,1184
1545934715582,9334,HTTP Request,200,OK,Thread Group 1-915,text,true,,22003,118,739,739,http://35.247.123.223/,6920,0,1259
1545934715523,9471,HTTP Request,200,OK,Thread Group 1-866,text,true,,22003,118,738,738,http://35.247.123.223/,7066,0,1231
1545934714609,10419,HTTP Request,200,OK,Thread Group 1-75,text,true,,22003,118,737,737,http://35.247.123.223/,5025,0,1365
1545934715567,9574,HTTP Request,200,OK,Thread Group 1-903,text,true,,22003,118,736,736,http://35.247.123.223/,7129,0,1254
1545934714743,10413,HTTP Request,200,OK,Thread Group 1-261,text,true,,22003,118,735,735,http://35.247.123.223/,6778,0,1629
1545934715179,10080,HTTP Request,200,OK,Thread Group 1-595,text,true,,22003,118,734,734,http://35.247.123.223/,6488,0,1282
1545934714828,10443,HTTP Request,200,OK,Thread Group 1-327,text,true,,22003,118,733,733,http://35.247.123.223/,5754,0,1335
1545934715254,10047,HTTP Request,200,OK,Thread Group 1-654,text,true,,22003,118,732,732,http://35.247.123.223/,6093,0,1233
1545934715131,10172,HTTP Request,200,OK,Thread Group 1-561,text,true,,22003,118,731,731,http://35.247.123.223/,5466,0,1159
1545934715024,10316,HTTP Request,200,OK,Thread Group 1-478,text,true,,22003,118,730,730,http://35.247.123.223/,9140,0,855
1545934715739,9753,HTTP Request,200,OK,Thread Group 1-979,text,true,,22003,118,729,729,http://35.247.123.223/,7400,0,1374
1545934715752,9760,HTTP Request,200,OK,Thread Group 1-988,text,true,,22003,118,728,728,http://35.247.123.223/,7437,0,1372
1545934715767,9930,HTTP Request,200,OK,Thread Group 1-999,text,true,,22003,118,727,727,http://35.247.123.223/,7549,0,1357
1545934715139,10597,HTTP Request,200,OK,Thread Group 1-568,text,true,,22003,118,726,726,http://35.247.123.223/,5541,0,1182
1545934715688,10049,HTTP Request,200,OK,Thread Group 1-938,text,true,,22003,118,725,725,http://35.247.123.223/,7642,0,2331
1545934715022,10727,HTTP Request,200,OK,Thread Group 1-475,text,true,,22003,118,724,724,http://35.247.123.223/,4027,0,827
1545934715716,10181,HTTP Request,200,OK,Thread Group 1-957,text,true,,22003,118,723,723,http://35.247.123.223/,7675,0,2311
1545934715406,10561,HTTP Request,200,OK,Thread Group 1-775,text,true,,22003,118,722,722,http://35.247.123.223/,6929,0,1224
1545934714964,11025,HTTP Request,200,OK,Thread Group 1-434,text,true,,22003,118,721,721,http://35.247.123.223/,8618,0,734
1545934715558,10432,HTTP Request,200,OK,Thread Group 1-896,text,true,,22003,118,720,720,http://35.247.123.223/,6785,0,1251
1545934714884,11154,HTTP Request,200,OK,Thread Group 1-372,text,true,,22003,118,719,719,http://35.247.123.223/,4255,0,1090
1545934714876,11179,HTTP Request,200,OK,Thread Group 1-363,text,true,,22003,118,718,718,http://35.247.123.223/,5044,0,1126
1545934714731,11334,HTTP Request,200,OK,Thread Group 1-223,text,true,,22003,118,717,717,http://35.247.123.223/,6162,0,1490
1545934715521,10722,HTTP Request,200,OK,Thread Group 1-865,text,true,,22003,118,716,716,http://35.247.123.223/,7049,0,1232
1545934714608,11666,HTTP Request,200,OK,Thread Group 1-101,text,true,,22003,118,715,715,http://35.247.123.223/,5268,0,1396
1545934715213,11068,HTTP Request,200,OK,Thread Group 1-620,text,true,,22003,118,714,714,http://35.247.123.223/,5878,0,1258
1545934715079,11383,HTTP Request,200,OK,Thread Group 1-519,text,true,,22003,118,713,713,http://35.247.123.223/,6467,0,1031
1545934714796,11716,HTTP Request,200,OK,Thread Group 1-303,text,true,,22003,118,712,712,http://35.247.123.223/,5715,0,1486
1545934715225,11294,HTTP Request,200,OK,Thread Group 1-632,text,true,,22003,118,711,711,http://35.247.123.223/,6569,0,1251
1545934715172,11377,HTTP Request,200,OK,Thread Group 1-591,text,true,,22003,118,710,710,http://35.247.123.223/,9002,0,3073
1545934714839,11749,HTTP Request,200,OK,Thread Group 1-335,text,true,,22003,118,709,709,http://35.247.123.223/,6977,0,1291
1545934715246,11390,HTTP Request,200,OK,Thread Group 1-648,text,true,,22003,118,708,708,http://35.247.123.223/,6654,0,1238
1545934714628,12016,HTTP Request,200,OK,Thread Group 1-58,text,true,,22003,118,707,707,http://35.247.123.223/,5648,0,1593
1545934714922,11814,HTTP Request,200,OK,Thread Group 1-400,text,true,,22003,118,706,706,http://35.247.123.223/,9429,0,990
1545934714930,11807,HTTP Request,200,OK,Thread Group 1-406,text,true,,22003,118,705,705,http://35.247.123.223/,9422,0,960
1545934714661,12078,HTTP Request,200,OK,Thread Group 1-198,text,true,,22003,118,704,704,http://35.247.123.223/,10876,0,1251
1545934714991,11780,HTTP Request,200,OK,Thread Group 1-454,text,true,,22003,118,703,703,http://35.247.123.223/,2244,0,679
1545934715082,11882,HTTP Request,200,OK,Thread Group 1-520,text,true,,22003,118,702,702,http://35.247.123.223/,10708,0,1031
1545934715388,11718,HTTP Request,200,OK,Thread Group 1-760,text,true,,22003,118,701,701,http://35.247.123.223/,6300,0,1232
1545934714612,12511,HTTP Request,200,OK,Thread Group 1-31,text,true,,22003,118,700,700,http://35.247.123.223/,10121,0,1348
1545934714881,12277,HTTP Request,200,OK,Thread Group 1-368,text,true,,22003,118,699,699,http://35.247.123.223/,9913,0,1093
1545934715346,11993,HTTP Request,200,OK,Thread Group 1-726,text,true,,22003,118,698,698,http://35.247.123.223/,8380,0,1233
1545934715231,12178,HTTP Request,200,OK,Thread Group 1-635,text,true,,22003,118,697,697,http://35.247.123.223/,5846,0,1245
1545934714647,12762,HTTP Request,200,OK,Thread Group 1-185,text,true,,22003,118,696,696,http://35.247.123.223/,6564,0,1635
1545934715276,12135,HTTP Request,200,OK,Thread Group 1-669,text,true,,22003,118,695,695,http://35.247.123.223/,6118,0,1225
1545934715296,12185,HTTP Request,200,OK,Thread Group 1-686,text,true,,22003,118,694,694,http://35.247.123.223/,6208,0,1236
1545934715691,11854,HTTP Request,200,OK,Thread Group 1-941,text,true,,22003,118,693,693,http://35.247.123.223/,8059,0,2328
1545934714643,13042,HTTP Request,200,OK,Thread Group 1-35,text,true,,22003,118,692,692,http://35.247.123.223/,9473,0,1068
1545934714602,13285,HTTP Request,200,OK,Thread Group 1-161,text,true,,22003,118,691,691,http://35.247.123.223/,10911,0,1513
1545934714652,13280,HTTP Request,200,OK,Thread Group 1-191,text,true,,22003,118,690,690,http://35.247.123.223/,5050,0,1303
1545934715685,12349,HTTP Request,200,OK,Thread Group 1-934,text,true,,22003,118,689,689,http://35.247.123.223/,8757,0,2800
1545934714727,13494,HTTP Request,200,OK,Thread Group 1-235,text,true,,22003,118,688,688,http://35.247.123.223/,9850,0,1189
1545934714627,13656,HTTP Request,200,OK,Thread Group 1-99,text,true,,22003,118,687,687,http://35.247.123.223/,12507,0,1596
1545934714964,13375,HTTP Request,200,OK,Thread Group 1-435,text,true,,22003,118,686,686,http://35.247.123.223/,8508,0,714
1545934714742,13623,HTTP Request,200,OK,Thread Group 1-203,text,true,,22003,118,685,685,http://35.247.123.223/,8922,0,3503
1545934714801,13592,HTTP Request,200,OK,Thread Group 1-307,text,true,,22003,118,684,684,http://35.247.123.223/,11288,0,1461
1545934714630,13889,HTTP Request,200,OK,Thread Group 1-86,text,true,,22003,118,683,683,http://35.247.123.223/,12731,0,1659
1545934714602,13932,HTTP Request,200,OK,Thread Group 1-62,text,true,,22003,118,682,682,http://35.247.123.223/,5226,0,1527
1545934715172,13363,HTTP Request,200,OK,Thread Group 1-590,text,true,,22003,118,681,681,http://35.247.123.223/,8528,0,3073
1545934715716,12905,HTTP Request,200,OK,Thread Group 1-959,text,true,,22003,118,680,680,http://35.247.123.223/,8209,0,2311
1545934714994,13654,HTTP Request,200,OK,Thread Group 1-456,text,true,,22003,118,679,679,http://35.247.123.223/,2606,0,680
1545934715664,13257,HTTP Request,200,OK,Thread Group 1-918,text,true,,22003,118,678,678,http://35.247.123.223/,7194,0,1271
1545934715448,13537,HTTP Request,200,OK,Thread Group 1-797,text,true,,22003,118,677,677,http://35.247.123.223/,6451,0,1212
1545934715681,13343,HTTP Request,200,OK,Thread Group 1-933,text,true,,22003,118,676,676,http://35.247.123.223/,7575,0,2338
1545934715315,13709,HTTP Request,200,OK,Thread Group 1-700,text,true,,22003,118,675,675,http://35.247.123.223/,6709,0,1245
1545934715130,13984,HTTP Request,200,OK,Thread Group 1-563,text,true,,22003,118,674,674,http://35.247.123.223/,11338,0,1161
1545934715716,13405,HTTP Request,200,OK,Thread Group 1-958,text,true,,22003,118,673,673,http://35.247.123.223/,7664,0,2311
1545934715673,13464,HTTP Request,200,OK,Thread Group 1-926,text,true,,22003,118,672,672,http://35.247.123.223/,7560,0,2340
1545934714634,14539,HTTP Request,200,OK,Thread Group 1-28,text,true,,22003,118,671,671,http://35.247.123.223/,9499,0,1076
1545934714647,14539,HTTP Request,200,OK,Thread Group 1-187,text,true,,22003,118,670,670,http://35.247.123.223/,8036,0,1635
1545934714729,14504,HTTP Request,200,OK,Thread Group 1-230,text,true,,22003,118,669,669,http://35.247.123.223/,11021,0,1393
1545934715085,14178,HTTP Request,200,OK,Thread Group 1-526,text,true,,22003,118,668,668,http://35.247.123.223/,13025,0,1035
1545934714785,14484,HTTP Request,200,OK,Thread Group 1-294,text,true,,22003,118,667,667,http://35.247.123.223/,13328,0,1519
1545934714625,14648,HTTP Request,200,OK,Thread Group 1-160,text,true,,22003,118,666,666,http://35.247.123.223/,11145,0,1490
1545934715482,13806,HTTP Request,200,OK,Thread Group 1-835,text,true,,22003,118,665,665,http://35.247.123.223/,6613,0,1233
1545934714818,14488,HTTP Request,200,OK,Thread Group 1-320,text,true,,22003,118,664,664,http://35.247.123.223/,11037,0,1376
1545934715676,13728,HTTP Request,200,OK,Thread Group 1-927,text,true,,22003,118,663,663,http://35.247.123.223/,8054,0,2337
1545934715456,13960,HTTP Request,200,OK,Thread Group 1-813,text,true,,22003,118,662,662,http://35.247.123.223/,6579,0,1221
1545934715691,13726,HTTP Request,200,OK,Thread Group 1-942,text,true,,22003,118,661,661,http://35.247.123.223/,8156,0,2329
1545934714745,14731,HTTP Request,200,OK,Thread Group 1-263,text,true,,22003,118,660,660,http://35.247.123.223/,8391,0,2897
1545934714652,14826,HTTP Request,200,OK,Thread Group 1-190,text,true,,22003,118,659,659,http://35.247.123.223/,10106,0,1303
1545934715363,14155,HTTP Request,200,OK,Thread Group 1-742,text,true,,22003,118,658,658,http://35.247.123.223/,13324,0,1230
1545934714600,15047,HTTP Request,200,OK,Thread Group 1-1,text,true,,22003,118,657,657,http://35.247.123.223/,11241,0,1594
1545934715363,14295,HTTP Request,200,OK,Thread Group 1-740,text,true,,22003,118,656,656,http://35.247.123.223/,11938,0,1230
1545934715202,14461,HTTP Request,200,OK,Thread Group 1-613,text,true,,22003,118,655,655,http://35.247.123.223/,11803,0,1269
1545934714918,14781,HTTP Request,200,OK,Thread Group 1-386,text,true,,22003,118,654,654,http://35.247.123.223/,14781,0,1006
1545934715176,14529,HTTP Request,200,OK,Thread Group 1-594,text,true,,22003,118,653,653,http://35.247.123.223/,8512,0,3081
1545934714628,15082,HTTP Request,200,OK,Thread Group 1-112,text,true,,22003,118,652,652,http://35.247.123.223/,11589,0,1595
1545934715516,14228,HTTP Request,200,OK,Thread Group 1-863,text,true,,22003,118,651,651,http://35.247.123.223/,6721,0,1234
1545934714796,14950,HTTP Request,200,OK,Thread Group 1-302,text,true,,22003,118,650,650,http://35.247.123.223/,5818,0,1488
1545934715756,13995,HTTP Request,200,OK,Thread Group 1-990,text,true,,22003,118,649,649,http://35.247.123.223/,7660,0,1368
1545934714919,14863,HTTP Request,200,OK,Thread Group 1-383,text,true,,22003,118,648,648,http://35.247.123.223/,10005,0,999
1545934715517,14314,HTTP Request,200,OK,Thread Group 1-864,text,true,,22003,118,647,647,http://35.247.123.223/,6778,0,1234
1545934715084,14751,HTTP Request,200,OK,Thread Group 1-524,text,true,,22003,118,646,646,http://35.247.123.223/,5629,0,1034
1545934714732,15137,HTTP Request,200,OK,Thread Group 1-221,text,true,,22003,118,645,645,http://35.247.123.223/,11670,0,1547
1545934715685,14211,HTTP Request,200,OK,Thread Group 1-936,text,true,,22003,118,644,644,http://35.247.123.223/,9530,0,2334
1545934715110,14830,HTTP Request,200,OK,Thread Group 1-546,text,true,,22003,118,643,643,http://35.247.123.223/,11061,0,1093
1545934715117,14828,HTTP Request,200,OK,Thread Group 1-550,text,true,,22003,118,642,642,http://35.247.123.223/,5935,0,1116
1545934714947,15030,HTTP Request,200,OK,Thread Group 1-422,text,true,,22003,118,641,641,http://35.247.123.223/,8891,0,835
1545934715063,14958,HTTP Request,200,OK,Thread Group 1-509,text,true,,22003,118,640,640,http://35.247.123.223/,11497,0,954
1545934714830,15226,HTTP Request,200,OK,Thread Group 1-329,text,true,,22003,118,639,639,http://35.247.123.223/,5112,0,1321
1545934715556,14501,HTTP Request,200,OK,Thread Group 1-892,text,true,,22003,118,638,638,http://35.247.123.223/,6839,0,1252
1545934715156,14969,HTTP Request,200,OK,Thread Group 1-579,text,true,,22003,118,637,637,http://35.247.123.223/,11491,0,1210
1545934715482,14671,HTTP Request,200,OK,Thread Group 1-833,text,true,,22003,118,636,636,http://35.247.123.223/,7087,0,1231
1545934714916,15237,HTTP Request,200,OK,Thread Group 1-394,text,true,,22003,118,636,636,http://35.247.123.223/,3867,0,1022
1545934715716,14445,HTTP Request,200,OK,Thread Group 1-960,text,true,,22003,118,634,634,http://35.247.123.223/,12173,0,2311
1545934715713,14489,HTTP Request,200,OK,Thread Group 1-956,text,true,,22003,118,633,633,http://35.247.123.223/,12192,0,2314
1545934714853,15364,HTTP Request,200,OK,Thread Group 1-345,text,true,,22003,118,632,632,http://35.247.123.223/,11900,0,1221
1545934714640,15598,HTTP Request,200,OK,Thread Group 1-115,text,true,,22003,118,631,631,http://35.247.123.223/,12017,0,3604
1545934714791,15475,HTTP Request,200,OK,Thread Group 1-299,text,true,,22003,118,630,630,http://35.247.123.223/,11638,0,1498
1545934715676,14630,HTTP Request,200,OK,Thread Group 1-929,text,true,,22003,118,629,629,http://35.247.123.223/,8142,0,2337
1545934715516,14794,HTTP Request,200,OK,Thread Group 1-862,text,true,,22003,118,628,628,http://35.247.123.223/,7092,0,1234
1545934714600,15774,HTTP Request,200,OK,Thread Group 1-85,text,true,,22003,118,627,627,http://35.247.123.223/,11137,0,1515
1545934715136,15255,HTTP Request,200,OK,Thread Group 1-565,text,true,,22003,118,626,626,http://35.247.123.223/,12924,0,1168
1545934715272,15127,HTTP Request,200,OK,Thread Group 1-666,text,true,,22003,118,625,625,http://35.247.123.223/,15104,0,1231
1545934715202,15234,HTTP Request,200,OK,Thread Group 1-610,text,true,,22003,118,624,624,http://35.247.123.223/,12977,0,1269
1545934715288,15153,HTTP Request,200,OK,Thread Group 1-681,text,true,,22003,118,623,623,http://35.247.123.223/,11761,0,1236
1545934715221,15220,HTTP Request,200,OK,Thread Group 1-627,text,true,,22003,118,623,623,http://35.247.123.223/,11817,0,1251
1545934715239,15212,HTTP Request,200,OK,Thread Group 1-642,text,true,,22003,118,621,621,http://35.247.123.223/,11814,0,1243
1545934715306,15149,HTTP Request,200,OK,Thread Group 1-696,text,true,,22003,118,620,620,http://35.247.123.223/,12898,0,1247
1545934714947,15515,HTTP Request,200,OK,Thread Group 1-420,text,true,,22003,118,619,619,http://35.247.123.223/,9476,0,835
1545934714739,15726,HTTP Request,200,OK,Thread Group 1-206,text,true,,22003,118,618,618,http://35.247.123.223/,9827,0,1683
1545934715371,15099,HTTP Request,200,OK,Thread Group 1-746,text,true,,22003,118,617,617,http://35.247.123.223/,12851,0,1228
1545934714830,15650,HTTP Request,200,OK,Thread Group 1-328,text,true,,22003,118,616,616,http://35.247.123.223/,11112,0,1320
1545934715361,15120,HTTP Request,200,OK,Thread Group 1-738,text,true,,22003,118,615,615,http://35.247.123.223/,12880,0,1229
1545934714916,15595,HTTP Request,200,OK,Thread Group 1-395,text,true,,22003,118,614,614,http://35.247.123.223/,9812,0,1024
1545934715024,15487,HTTP Request,200,OK,Thread Group 1-477,text,true,,22003,118,614,614,http://35.247.123.223/,11250,0,855
1545934714837,15750,HTTP Request,200,OK,Thread Group 1-334,text,true,,22003,118,612,612,http://35.247.123.223/,6980,0,1300
1545934715141,15449,HTTP Request,200,OK,Thread Group 1-569,text,true,,22003,118,611,611,http://35.247.123.223/,6217,0,1183
1545934715463,15131,HTTP Request,200,OK,Thread Group 1-820,text,true,,22003,118,610,610,http://35.247.123.223/,6906,0,1224
1545934715105,15496,HTTP Request,200,OK,Thread Group 1-541,text,true,,22003,118,609,609,http://35.247.123.223/,10734,0,1082
1545934715349,15291,HTTP Request,200,OK,Thread Group 1-728,text,true,,22003,118,608,608,http://35.247.123.223/,11859,0,1230
1545934714622,16045,HTTP Request,200,OK,Thread Group 1-172,text,true,,22003,118,607,607,http://35.247.123.223/,11324,0,1528
1545934715396,15277,HTTP Request,200,OK,Thread Group 1-766,text,true,,22003,118,606,606,http://35.247.123.223/,12746,0,1224
1545934715172,15535,HTTP Request,200,OK,Thread Group 1-592,text,true,,22003,118,605,605,http://35.247.123.223/,10200,0,4190
1545934715086,15636,HTTP Request,200,OK,Thread Group 1-527,text,true,,22003,118,604,604,http://35.247.123.223/,10725,0,1036
1545934714606,16149,HTTP Request,200,OK,Thread Group 1-6,text,true,,22003,118,603,603,http://35.247.123.223/,15075,0,1404
1545934715116,15676,HTTP Request,200,OK,Thread Group 1-549,text,true,,22003,118,602,602,http://35.247.123.223/,11108,0,1112
1545934715691,15103,HTTP Request,200,OK,Thread Group 1-939,text,true,,22003,118,601,601,http://35.247.123.223/,7651,0,2329
1545934714959,15836,HTTP Request,200,OK,Thread Group 1-430,text,true,,22003,118,600,600,http://35.247.123.223/,8556,0,744
1545934715722,15075,HTTP Request,200,OK,Thread Group 1-963,text,true,,22003,118,599,599,http://35.247.123.223/,7712,0,2305
1545934715382,15427,HTTP Request,200,OK,Thread Group 1-758,text,true,,22003,118,598,598,http://35.247.123.223/,6879,0,1232
1545934715306,15514,HTTP Request,200,OK,Thread Group 1-697,text,true,,22003,118,597,597,http://35.247.123.223/,12070,0,1247
1545934714930,15919,HTTP Request,200,OK,Thread Group 1-405,text,true,,22003,118,596,596,http://35.247.123.223/,9818,0,961
1545934715108,15742,HTTP Request,200,OK,Thread Group 1-543,text,true,,22003,118,595,595,http://35.247.123.223/,12326,0,1086
1545934715523,15355,HTTP Request,200,OK,Thread Group 1-867,text,true,,22003,118,594,594,http://35.247.123.223/,8406,0,1231
1545934715496,15401,HTTP Request,200,OK,Thread Group 1-845,text,true,,22003,118,593,593,http://35.247.123.223/,11976,0,1224
1545934714730,16198,HTTP Request,200,OK,Thread Group 1-225,text,true,,22003,118,592,592,http://35.247.123.223/,10419,0,1253
1545934714824,16115,HTTP Request,200,OK,Thread Group 1-326,text,true,,22003,118,591,591,http://35.247.123.223/,11187,0,1350
1545934714738,16225,HTTP Request,200,OK,Thread Group 1-210,text,true,,22003,118,590,590,http://35.247.123.223/,6764,0,1634
1545934715768,15203,HTTP Request,200,OK,Thread Group 1-1000,text,true,,22003,118,589,589,http://35.247.123.223/,7450,0,2234
1545934715678,15311,HTTP Request,200,OK,Thread Group 1-930,text,true,,22003,118,588,588,http://35.247.123.223/,7564,0,2340
1545934715582,15409,HTTP Request,200,OK,Thread Group 1-914,text,true,,22003,118,587,587,http://35.247.123.223/,6871,0,1259
1545934714783,16223,HTTP Request,200,OK,Thread Group 1-291,text,true,,22003,118,586,586,http://35.247.123.223/,11670,0,1538
1545934715355,15717,HTTP Request,200,OK,Thread Group 1-732,text,true,,22003,118,585,585,http://35.247.123.223/,11953,0,1235
1545934714628,16478,HTTP Request,200,OK,Thread Group 1-37,text,true,,22003,118,584,584,http://35.247.123.223/,13101,0,1595
1545934715547,15568,HTTP Request,200,OK,Thread Group 1-885,text,true,,22003,118,583,583,http://35.247.123.223/,12174,0,1252
1545934715556,15563,HTTP Request,200,OK,Thread Group 1-893,text,true,,22003,118,582,582,http://35.247.123.223/,12189,0,1252
1545934714735,16431,HTTP Request,200,OK,Thread Group 1-214,text,true,,22003,118,581,581,http://35.247.123.223/,11854,0,1625
1545934714605,16561,HTTP Request,200,OK,Thread Group 1-65,text,true,,22003,118,580,580,http://35.247.123.223/,10819,0,1438
1545934715702,15505,HTTP Request,200,OK,Thread Group 1-948,text,true,,22003,118,579,579,http://35.247.123.223/,12092,0,2325
1545934714948,16263,HTTP Request,200,OK,Thread Group 1-423,text,true,,22003,118,578,578,http://35.247.123.223/,9323,0,829
1545934714868,16350,HTTP Request,200,OK,Thread Group 1-358,text,true,,22003,118,577,577,http://35.247.123.223/,5064,0,1155
1545934715207,16019,HTTP Request,200,OK,Thread Group 1-619,text,true,,22003,118,576,576,http://35.247.123.223/,7921,0,1264
1545934715725,15503,HTTP Request,200,OK,Thread Group 1-967,text,true,,22003,118,575,575,http://35.247.123.223/,7764,0,2306
1545934714637,16604,HTTP Request,200,OK,Thread Group 1-154,text,true,,22003,118,574,574,http://35.247.123.223/,10883,0,1426
1545934714663,16584,HTTP Request,200,OK,Thread Group 1-201,text,true,,22003,118,573,573,http://35.247.123.223/,9589,0,1224
1545934715725,15525,HTTP Request,200,OK,Thread Group 1-965,text,true,,22003,118,572,572,http://35.247.123.223/,7779,0,2306
1545934714961,16299,HTTP Request,200,OK,Thread Group 1-431,text,true,,22003,118,571,571,http://35.247.123.223/,3119,0,742
1545934715249,16012,HTTP Request,200,OK,Thread Group 1-650,text,true,,22003,118,570,570,http://35.247.123.223/,6653,0,1238
1545934714629,16647,HTTP Request,200,OK,Thread Group 1-136,text,true,,22003,118,569,569,http://35.247.123.223/,11763,0,1655
1545934715701,15590,HTTP Request,200,OK,Thread Group 1-947,text,true,,22003,118,568,568,http://35.247.123.223/,12219,0,2326
1545934714632,16662,HTTP Request,200,OK,Thread Group 1-61,text,true,,22003,118,567,567,http://35.247.123.223/,12132,0,1723
1545934715085,16218,HTTP Request,200,OK,Thread Group 1-522,text,true,,22003,118,566,566,http://35.247.123.223/,10479,0,1035
1545934714735,16580,HTTP Request,200,OK,Thread Group 1-254,text,true,,22003,118,565,565,http://35.247.123.223/,12051,0,1627
1545934714657,16716,HTTP Request,200,OK,Thread Group 1-196,text,true,,22003,118,564,564,http://35.247.123.223/,11367,0,1254
1545934715070,16323,HTTP Request,200,OK,Thread Group 1-512,text,true,,22003,118,563,563,http://35.247.123.223/,11809,0,982
1545934715563,15837,HTTP Request,200,OK,Thread Group 1-900,text,true,,22003,118,562,562,http://35.247.123.223/,12168,0,1258
1545934715261,16151,HTTP Request,200,OK,Thread Group 1-658,text,true,,22003,118,561,561,http://35.247.123.223/,11636,0,1231
1545934714600,16844,HTTP Request,200,OK,Thread Group 1-107,text,true,,22003,118,560,560,http://35.247.123.223/,11233,0,1572
1545934715668,15781,HTTP Request,200,OK,Thread Group 1-922,text,true,,22003,118,559,559,http://35.247.123.223/,7005,0,1341
1545934714632,16820,HTTP Request,200,OK,Thread Group 1-34,text,true,,22003,118,558,558,http://35.247.123.223/,6697,0,1707
1545934714778,16681,HTTP Request,200,OK,Thread Group 1-287,text,true,,22003,118,557,557,http://35.247.123.223/,11886,0,1546
1545934714947,16546,HTTP Request,200,OK,Thread Group 1-421,text,true,,22003,118,556,556,http://35.247.123.223/,9322,0,831
1545934714813,16680,HTTP Request,200,OK,Thread Group 1-318,text,true,,22003,118,556,556,http://35.247.123.223/,11118,0,1396
1545934714631,16904,HTTP Request,200,OK,Thread Group 1-82,text,true,,22003,118,554,554,http://35.247.123.223/,13311,0,1673
1545934714753,16788,HTTP Request,200,OK,Thread Group 1-269,text,true,,22003,118,553,553,http://35.247.123.223/,6816,0,1669
1545934714643,16898,HTTP Request,200,OK,Thread Group 1-144,text,true,,22003,118,553,553,http://35.247.123.223/,13625,0,1711
1545934714600,16946,HTTP Request,200,OK,Thread Group 1-134,text,true,,22003,118,551,551,http://35.247.123.223/,11240,0,1582
1545934715456,16096,HTTP Request,200,OK,Thread Group 1-815,text,true,,22003,118,550,550,http://35.247.123.223/,12829,0,1222
1545934715414,16159,HTTP Request,200,OK,Thread Group 1-779,text,true,,22003,118,549,549,http://35.247.123.223/,12618,0,1223
1545934715406,16168,HTTP Request,200,OK,Thread Group 1-774,text,true,,22003,118,548,548,http://35.247.123.223/,6934,0,1225
1545934715756,15823,HTTP Request,200,OK,Thread Group 1-989,text,true,,22003,118,547,547,http://35.247.123.223/,7197,0,1368
1545934715497,16085,HTTP Request,200,OK,Thread Group 1-846,text,true,,22003,118,546,546,http://35.247.123.223/,11900,0,1225
1545934715183,16429,HTTP Request,200,OK,Thread Group 1-599,text,true,,22003,118,545,545,http://35.247.123.223/,5847,0,1279
1545934714636,16977,HTTP Request,200,OK,Thread Group 1-132,text,true,,22003,118,544,544,http://35.247.123.223/,3080,0,1036
1545934715205,16435,HTTP Request,200,OK,Thread Group 1-617,text,true,,22003,118,543,543,http://35.247.123.223/,11760,0,1266
1545934715476,16176,HTTP Request,200,OK,Thread Group 1-829,text,true,,22003,118,542,542,http://35.247.123.223/,6971,0,1223
1545934714802,16871,HTTP Request,200,OK,Thread Group 1-308,text,true,,22003,118,541,541,http://35.247.123.223/,11297,0,1460
1545934714606,17079,HTTP Request,200,OK,Thread Group 1-77,text,true,,22003,118,540,540,http://35.247.123.223/,10262,0,1399
1545934714744,16948,HTTP Request,200,OK,Thread Group 1-262,text,true,,22003,118,539,539,http://35.247.123.223/,8967,0,2898
1545934715685,16018,HTTP Request,200,OK,Thread Group 1-935,text,true,,22003,118,538,538,http://35.247.123.223/,8842,0,2800
1545934715511,16213,HTTP Request,200,OK,Thread Group 1-856,text,true,,22003,118,537,537,http://35.247.123.223/,11946,0,1232
1545934715122,16627,HTTP Request,200,OK,Thread Group 1-554,text,true,,22003,118,536,536,http://35.247.123.223/,11213,0,1157
1545934715219,16537,HTTP Request,200,OK,Thread Group 1-626,text,true,,22003,118,535,535,http://35.247.123.223/,13142,0,1253
1545934714728,17046,HTTP Request,200,OK,Thread Group 1-233,text,true,,22003,118,534,534,http://35.247.123.223/,6020,0,1455
1545934714873,16967,HTTP Request,200,OK,Thread Group 1-362,text,true,,22003,118,533,533,http://35.247.123.223/,10362,0,1131
1545934715730,16114,HTTP Request,200,OK,Thread Group 1-971,text,true,,22003,118,532,532,http://35.247.123.223/,8236,0,2301
1545934715536,16312,HTTP Request,200,OK,Thread Group 1-876,text,true,,22003,118,531,531,http://35.247.123.223/,7095,0,1247
1545934715117,16738,HTTP Request,200,OK,Thread Group 1-551,text,true,,22003,118,530,530,http://35.247.123.223/,8875,0,1123
1545934715530,16350,HTTP Request,200,OK,Thread Group 1-873,text,true,,22003,118,529,529,http://35.247.123.223/,12155,0,1242
1545934715570,16310,HTTP Request,200,OK,Thread Group 1-906,text,true,,22003,118,528,528,http://35.247.123.223/,12115,0,1261
1545934714631,17285,HTTP Request,200,OK,Thread Group 1-127,text,true,,22003,118,527,527,http://35.247.123.223/,11918,0,1672
1545934714629,17293,HTTP Request,200,OK,Thread Group 1-23,text,true,,22003,118,526,526,http://35.247.123.223/,13100,0,1659
1545934714733,17244,HTTP Request,200,OK,Thread Group 1-215,text,true,,22003,118,525,525,http://35.247.123.223/,11726,0,1588
1545934714785,17192,HTTP Request,200,OK,Thread Group 1-293,text,true,,22003,118,525,525,http://35.247.123.223/,11523,0,1519
1545934715722,16271,HTTP Request,200,OK,Thread Group 1-962,text,true,,22003,118,523,523,http://35.247.123.223/,10892,0,2305
1545934715176,16821,HTTP Request,200,OK,Thread Group 1-593,text,true,,22003,118,522,522,http://35.247.123.223/,10266,0,3081
1545934714738,17261,HTTP Request,200,OK,Thread Group 1-257,text,true,,22003,118,521,521,http://35.247.123.223/,8373,0,2904
1545934715730,16279,HTTP Request,200,OK,Thread Group 1-968,text,true,,22003,118,520,520,http://35.247.123.223/,7322,0,1372
1545934714755,17297,HTTP Request,200,OK,Thread Group 1-271,text,true,,22003,118,519,519,http://35.247.123.223/,11990,0,1636
1545934714631,17431,HTTP Request,200,OK,Thread Group 1-27,text,true,,22003,118,518,518,http://35.247.123.223/,11991,0,1688
1545934715511,16554,HTTP Request,200,OK,Thread Group 1-858,text,true,,22003,118,517,517,http://35.247.123.223/,13573,0,1233
1545934714740,17331,HTTP Request,200,OK,Thread Group 1-204,text,true,,22003,118,516,516,http://35.247.123.223/,12014,0,1683
1545934714735,17346,HTTP Request,200,OK,Thread Group 1-253,text,true,,22003,118,515,515,http://35.247.123.223/,13534,0,1624
1545934715216,16864,HTTP Request,200,OK,Thread Group 1-623,text,true,,22003,118,515,515,http://35.247.123.223/,11564,0,1256
1545934714603,17478,HTTP Request,200,OK,Thread Group 1-20,text,true,,22003,118,515,515,http://35.247.123.223/,11013,0,1536
1545934714830,17254,HTTP Request,200,OK,Thread Group 1-330,text,true,,22003,118,512,512,http://35.247.123.223/,13144,0,1320
1545934715764,16339,HTTP Request,200,OK,Thread Group 1-996,text,true,,22003,118,511,511,http://35.247.123.223/,12257,0,2760
1545934715537,16593,HTTP Request,200,OK,Thread Group 1-877,text,true,,22003,118,510,510,http://35.247.123.223/,13671,0,1254
1545934715262,16869,HTTP Request,200,OK,Thread Group 1-659,text,true,,22003,118,509,509,http://35.247.123.223/,11621,0,1232
1545934715396,16744,HTTP Request,200,OK,Thread Group 1-765,text,true,,22003,118,508,508,http://35.247.123.223/,12562,0,1224
1545934714737,17406,HTTP Request,200,OK,Thread Group 1-255,text,true,,22003,118,507,507,http://35.247.123.223/,12067,0,1634
1545934715456,16700,HTTP Request,200,OK,Thread Group 1-812,text,true,,22003,118,506,506,http://35.247.123.223/,12715,0,1214
1545934715304,16858,HTTP Request,200,OK,Thread Group 1-692,text,true,,22003,118,505,505,http://35.247.123.223/,13235,0,1237
1545934715570,16624,HTTP Request,200,OK,Thread Group 1-905,text,true,,22003,118,504,504,http://35.247.123.223/,7193,0,1262
1545934715009,17195,HTTP Request,200,OK,Thread Group 1-466,text,true,,22003,118,503,503,http://35.247.123.223/,3884,0,762
1545934715330,16884,HTTP Request,200,OK,Thread Group 1-713,text,true,,22003,118,502,502,http://35.247.123.223/,7880,0,1235
1545934715243,16979,HTTP Request,200,OK,Thread Group 1-646,text,true,,22003,118,501,501,http://35.247.123.223/,11730,0,1241
1545934714726,17501,HTTP Request,200,OK,Thread Group 1-244,text,true,,22003,118,500,500,http://35.247.123.223/,9536,0,1157
1545934715558,16705,HTTP Request,200,OK,Thread Group 1-895,text,true,,22003,118,499,499,http://35.247.123.223/,7099,0,1250
1545934715582,16688,HTTP Request,200,OK,Thread Group 1-917,text,true,,22003,118,498,498,http://35.247.123.223/,7200,0,1259
1545934715313,16976,HTTP Request,200,OK,Thread Group 1-699,text,true,,22003,118,497,497,http://35.247.123.223/,12954,0,1245
1545934715013,17346,HTTP Request,200,OK,Thread Group 1-469,text,true,,22003,118,496,496,http://35.247.123.223/,9401,0,776
1545934714610,17818,HTTP Request,200,OK,Thread Group 1-164,text,true,,22003,118,495,495,http://35.247.123.223/,11722,0,1371
1545934714652,17777,HTTP Request,200,OK,Thread Group 1-189,text,true,,22003,118,494,494,http://35.247.123.223/,14023,0,1259
1545934715477,16961,HTTP Request,200,OK,Thread Group 1-831,text,true,,22003,118,493,493,http://35.247.123.223/,13058,0,1236
1545934714939,17502,HTTP Request,200,OK,Thread Group 1-411,text,true,,22003,118,492,492,http://35.247.123.223/,13737,0,892
1545934715447,17004,HTTP Request,200,OK,Thread Group 1-802,text,true,,22003,118,491,491,http://35.247.123.223/,6886,0,1211
1545934714861,17596,HTTP Request,200,OK,Thread Group 1-350,text,true,,22003,118,490,490,http://35.247.123.223/,10311,0,1191
1545934715570,16903,HTTP Request,200,OK,Thread Group 1-904,text,true,,22003,118,489,489,http://35.247.123.223/,6860,0,1262
1545934714916,17567,HTTP Request,200,OK,Thread Group 1-392,text,true,,22003,118,488,488,http://35.247.123.223/,10030,0,1008
1545934715325,17160,HTTP Request,200,OK,Thread Group 1-710,text,true,,22003,118,487,487,http://35.247.123.223/,12890,0,1240
1545934715516,16985,HTTP Request,200,OK,Thread Group 1-861,text,true,,22003,118,486,486,http://35.247.123.223/,12083,0,1232
1545934715676,16837,HTTP Request,200,OK,Thread Group 1-928,text,true,,22003,118,485,485,http://35.247.123.223/,8275,0,2809
1545934715723,16793,HTTP Request,200,OK,Thread Group 1-964,text,true,,22003,118,484,484,http://35.247.123.223/,8271,0,2304
1545934714777,17741,HTTP Request,200,OK,Thread Group 1-285,text,true,,22003,118,483,483,http://35.247.123.223/,11695,0,1551
1545934714742,17800,HTTP Request,200,OK,Thread Group 1-260,text,true,,22003,118,482,482,http://35.247.123.223/,9487,0,3503
1545934714855,17710,HTTP Request,200,OK,Thread Group 1-347,text,true,,22003,118,481,481,http://35.247.123.223/,12139,0,1216
1545934715708,16873,HTTP Request,200,OK,Thread Group 1-951,text,true,,22003,118,480,480,http://35.247.123.223/,13553,0,2319
1545934715570,17026,HTTP Request,200,OK,Thread Group 1-908,text,true,,22003,118,479,479,http://35.247.123.223/,12217,0,1262
1545934715664,16937,HTTP Request,200,OK,Thread Group 1-920,text,true,,22003,118,478,478,http://35.247.123.223/,7225,0,1338
1545934715696,16906,HTTP Request,200,OK,Thread Group 1-944,text,true,,22003,118,477,477,http://35.247.123.223/,7299,0,1346
1545934715542,17062,HTTP Request,200,OK,Thread Group 1-882,text,true,,22003,118,476,476,http://35.247.123.223/,13574,0,1251
1545934715383,17229,HTTP Request,200,OK,Thread Group 1-757,text,true,,22003,118,475,475,http://35.247.123.223/,6912,0,1234
1545934715488,17157,HTTP Request,200,OK,Thread Group 1-836,text,true,,22003,118,474,474,http://35.247.123.223/,13539,0,1227
1545934715448,17205,HTTP Request,200,OK,Thread Group 1-800,text,true,,22003,118,473,473,http://35.247.123.223/,13580,0,1212
1545934714608,18050,HTTP Request,200,OK,Thread Group 1-166,text,true,,22003,118,472,472,http://35.247.123.223/,14575,0,1380
1545934715406,17274,HTTP Request,200,OK,Thread Group 1-773,text,true,,22003,118,471,471,http://35.247.123.223/,12770,0,1225
1545934715449,17237,HTTP Request,200,OK,Thread Group 1-796,text,true,,22003,118,470,470,http://35.247.123.223/,6446,0,1211
1545934714733,17966,HTTP Request,200,OK,Thread Group 1-218,text,true,,22003,118,469,469,http://35.247.123.223/,7788,0,1689
1545934715577,17127,HTTP Request,200,OK,Thread Group 1-912,text,true,,22003,118,468,468,http://35.247.123.223/,12219,0,1257
1545934715138,17574,HTTP Request,200,OK,Thread Group 1-567,text,true,,22003,118,467,467,http://35.247.123.223/,12761,0,1181
1545934714763,17963,HTTP Request,200,OK,Thread Group 1-275,text,true,,22003,118,466,466,http://35.247.123.223/,11822,0,1598
1545934715230,17527,HTTP Request,200,OK,Thread Group 1-634,text,true,,22003,118,465,465,http://35.247.123.223/,5838,0,1246
1545934714632,18149,HTTP Request,200,OK,Thread Group 1-70,text,true,,22003,118,464,464,http://35.247.123.223/,9431,0,1200
1545934714799,17988,HTTP Request,200,OK,Thread Group 1-305,text,true,,22003,118,463,463,http://35.247.123.223/,11546,0,1480
1545934714728,18068,HTTP Request,200,OK,Thread Group 1-248,text,true,,22003,118,462,462,http://35.247.123.223/,10540,0,1289
1545934715377,17460,HTTP Request,200,OK,Thread Group 1-750,text,true,,22003,118,461,461,http://35.247.123.223/,12943,0,1233
1545934715767,17077,HTTP Request,200,OK,Thread Group 1-998,text,true,,22003,118,460,460,http://35.247.123.223/,7665,0,1365
1545934714842,18013,HTTP Request,200,OK,Thread Group 1-337,text,true,,22003,118,459,459,http://35.247.123.223/,10963,0,1278
1545934715299,17559,HTTP Request,200,OK,Thread Group 1-689,text,true,,22003,118,458,458,http://35.247.123.223/,13421,0,1240
1545934715664,17258,HTTP Request,200,OK,Thread Group 1-919,text,true,,22003,118,457,457,http://35.247.123.223/,6922,0,1274
1545934715342,17594,HTTP Request,200,OK,Thread Group 1-722,text,true,,22003,118,456,456,http://35.247.123.223/,12048,0,1236
1545934715704,17245,HTTP Request,200,OK,Thread Group 1-950,text,true,,22003,118,455,455,http://35.247.123.223/,11469,0,1377
1545934715189,17776,HTTP Request,200,OK,Thread Group 1-605,text,true,,22003,118,454,454,http://35.247.123.223/,13217,0,1274
1545934714791,18189,HTTP Request,200,OK,Thread Group 1-300,text,true,,22003,118,453,453,http://35.247.123.223/,11682,0,1498
1545934715691,17300,HTTP Request,200,OK,Thread Group 1-940,text,true,,22003,118,452,452,http://35.247.123.223/,11709,0,2329
1545934715530,17462,HTTP Request,200,OK,Thread Group 1-871,text,true,,22003,118,451,451,http://35.247.123.223/,8401,0,1249
1545934715108,17884,HTTP Request,200,OK,Thread Group 1-542,text,true,,22003,118,451,451,http://35.247.123.223/,10977,0,1086
1545934715052,17948,HTTP Request,200,OK,Thread Group 1-500,text,true,,22003,118,449,449,http://35.247.123.223/,13872,0,923
1545934714878,18123,HTTP Request,200,OK,Thread Group 1-365,text,true,,22003,118,449,449,http://35.247.123.223/,4389,0,1116
1545934715449,17611,HTTP Request,200,OK,Thread Group 1-799,text,true,,22003,118,447,447,http://35.247.123.223/,7000,0,1211
1545934715342,17736,HTTP Request,200,OK,Thread Group 1-724,text,true,,22003,118,446,446,http://35.247.123.223/,12084,0,1236
1545934715446,17633,HTTP Request,200,OK,Thread Group 1-808,text,true,,22003,118,445,445,http://35.247.123.223/,11635,0,1212
1545934714787,18294,HTTP Request,200,OK,Thread Group 1-295,text,true,,22003,118,444,444,http://35.247.123.223/,11526,0,1506
1545934714602,18495,HTTP Request,200,OK,Thread Group 1-68,text,true,,22003,118,443,443,http://35.247.123.223/,11276,0,1529
1545934714624,18482,HTTP Request,200,OK,Thread Group 1-133,text,true,,22003,118,442,442,http://35.247.123.223/,11459,0,1550
1545934715563,17554,HTTP Request,200,OK,Thread Group 1-901,text,true,,22003,118,441,441,http://35.247.123.223/,10884,0,1258
1545934715761,17376,HTTP Request,200,OK,Thread Group 1-994,text,true,,22003,118,440,440,http://35.247.123.223/,8217,0,2763
1545934714627,18514,HTTP Request,200,OK,Thread Group 1-175,text,true,,22003,118,439,439,http://35.247.123.223/,9007,0,1564
1545934715122,18021,HTTP Request,200,OK,Thread Group 1-555,text,true,,22003,118,438,438,http://35.247.123.223/,10987,0,1157
1545934715272,17917,HTTP Request,200,OK,Thread Group 1-667,text,true,,22003,118,437,437,http://35.247.123.223/,15435,0,1231
1545934714789,18416,HTTP Request,200,OK,Thread Group 1-296,text,true,,22003,118,436,436,http://35.247.123.223/,14896,0,1502
1545934714642,18585,HTTP Request,200,OK,Thread Group 1-149,text,true,,22003,118,435,435,http://35.247.123.223/,11661,0,1332
1545934715241,18023,HTTP Request,200,OK,Thread Group 1-644,text,true,,22003,118,434,434,http://35.247.123.223/,15683,0,1243
1545934715730,17538,HTTP Request,200,OK,Thread Group 1-969,text,true,,22003,118,433,433,http://35.247.123.223/,7119,0,1370
1545934714945,18331,HTTP Request,200,OK,Thread Group 1-417,text,true,,22003,118,432,432,http://35.247.123.223/,9493,0,854
1545934714612,18681,HTTP Request,200,OK,Thread Group 1-100,text,true,,22003,118,431,431,http://35.247.123.223/,7072,0,1350
1545934714866,18431,HTTP Request,200,OK,Thread Group 1-356,text,true,,22003,118,430,430,http://35.247.123.223/,10178,0,1172
1545934715196,18108,HTTP Request,200,OK,Thread Group 1-607,text,true,,22003,118,429,429,http://35.247.123.223/,13290,0,1275
1545934715396,17913,HTTP Request,200,OK,Thread Group 1-767,text,true,,22003,118,428,428,http://35.247.123.223/,11948,0,1226
1545934715736,17594,HTTP Request,200,OK,Thread Group 1-974,text,true,,22003,118,427,427,http://35.247.123.223/,7150,0,1370
1545934715671,17659,HTTP Request,200,OK,Thread Group 1-923,text,true,,22003,118,426,426,http://35.247.123.223/,7220,0,1338
1545934715576,17758,HTTP Request,200,OK,Thread Group 1-911,text,true,,22003,118,425,425,http://35.247.123.223/,12206,0,1258
1545934714727,18615,HTTP Request,200,OK,Thread Group 1-236,text,true,,22003,118,424,424,http://35.247.123.223/,12221,0,1386
1545934715708,17637,HTTP Request,200,OK,Thread Group 1-952,text,true,,22003,118,423,423,http://35.247.123.223/,7100,0,1373
1545934715516,17852,HTTP Request,200,OK,Thread Group 1-860,text,true,,22003,118,422,422,http://35.247.123.223/,13504,0,1234
1545934715741,17641,HTTP Request,200,OK,Thread Group 1-981,text,true,,22003,118,421,421,http://35.247.123.223/,7446,0,1372
1545934714794,18598,HTTP Request,200,OK,Thread Group 1-301,text,true,,22003,118,420,420,http://35.247.123.223/,15616,0,1490
1545934715688,17747,HTTP Request,200,OK,Thread Group 1-937,text,true,,22003,118,419,419,http://35.247.123.223/,7247,0,1354
1545934715420,18033,HTTP Request,200,OK,Thread Group 1-785,text,true,,22003,118,418,418,http://35.247.123.223/,12709,0,1229
1545934715744,17738,HTTP Request,200,OK,Thread Group 1-982,text,true,,22003,118,417,417,http://35.247.123.223/,11144,0,1369
1545934715764,17727,HTTP Request,200,OK,Thread Group 1-997,text,true,,22003,118,416,416,http://35.247.123.223/,10536,0,2763
1545934715243,18269,HTTP Request,200,OK,Thread Group 1-645,text,true,,22003,118,415,415,http://35.247.123.223/,15673,0,1241
1545934715205,18308,HTTP Request,200,OK,Thread Group 1-616,text,true,,22003,118,414,414,http://35.247.123.223/,11866,0,1266
1545934715237,18276,HTTP Request,200,OK,Thread Group 1-640,text,true,,22003,118,414,414,http://35.247.123.223/,15683,0,1245
1545934714603,18925,HTTP Request,200,OK,Thread Group 1-22,text,true,,22003,118,412,412,http://35.247.123.223/,11341,0,1546
1545934714739,18796,HTTP Request,200,OK,Thread Group 1-207,text,true,,22003,118,411,411,http://35.247.123.223/,6833,0,1683
1545934714746,18792,HTTP Request,200,OK,Thread Group 1-264,text,true,,22003,118,410,410,http://35.247.123.223/,12124,0,3498
1545934714656,18895,HTTP Request,200,OK,Thread Group 1-195,text,true,,22003,118,409,409,http://35.247.123.223/,9817,0,1255
1545934714929,18626,HTTP Request,200,OK,Thread Group 1-404,text,true,,22003,118,408,408,http://35.247.123.223/,9554,0,982
1545934714642,18937,HTTP Request,200,OK,Thread Group 1-150,text,true,,22003,118,407,407,http://35.247.123.223/,10457,0,1334
1545934714789,18793,HTTP Request,200,OK,Thread Group 1-297,text,true,,22003,118,406,406,http://35.247.123.223/,17217,0,1502
1545934714842,18745,HTTP Request,200,OK,Thread Group 1-339,text,true,,22003,118,405,405,http://35.247.123.223/,12150,0,1273
1545934715582,18013,HTTP Request,200,OK,Thread Group 1-916,text,true,,22003,118,404,404,http://35.247.123.223/,12203,0,1259
1545934715758,17837,HTTP Request,200,OK,Thread Group 1-992,text,true,,22003,118,404,404,http://35.247.123.223/,7262,0,1367
1545934715736,17866,HTTP Request,200,OK,Thread Group 1-975,text,true,,22003,118,402,402,http://35.247.123.223/,11147,0,1374
1545934715325,18285,HTTP Request,200,OK,Thread Group 1-709,text,true,,22003,118,401,401,http://35.247.123.223/,18047,0,1240
1545934714631,18980,HTTP Request,200,OK,Thread Group 1-89,text,true,,22003,118,400,400,http://35.247.123.223/,13460,0,1691
1545934715721,17894,HTTP Request,200,OK,Thread Group 1-961,text,true,,22003,118,399,399,http://35.247.123.223/,8155,0,2306
1545934714602,19017,HTTP Request,200,OK,Thread Group 1-21,text,true,,22003,118,398,398,http://35.247.123.223/,13247,0,1484
1545934714727,18894,HTTP Request,200,OK,Thread Group 1-241,text,true,,22003,118,397,397,http://35.247.123.223/,10336,0,1231
1545934715336,18337,HTTP Request,200,OK,Thread Group 1-718,text,true,,22003,118,396,396,http://35.247.123.223/,12895,0,1242
1545934715002,18673,HTTP Request,200,OK,Thread Group 1-461,text,true,,22003,118,395,395,http://35.247.123.223/,12932,0,701
1545934715187,18505,HTTP Request,200,OK,Thread Group 1-600,text,true,,22003,118,394,394,http://35.247.123.223/,13298,0,1276
1545934715668,18027,HTTP Request,200,OK,Thread Group 1-921,text,true,,22003,118,393,393,http://35.247.123.223/,6998,0,1339
1545934715030,18675,HTTP Request,200,OK,Thread Group 1-483,text,true,,22003,118,392,392,http://35.247.123.223/,9831,0,882
1545934714644,19062,HTTP Request,200,OK,Thread Group 1-55,text,true,,22003,118,391,391,http://35.247.123.223/,4786,0,1378
1545934714601,19107,HTTP Request,200,OK,Thread Group 1-105,text,true,,22003,118,390,390,http://35.247.123.223/,11043,0,1549
1545934714727,18986,HTTP Request,200,OK,Thread Group 1-238,text,true,,22003,118,389,389,http://35.247.123.223/,4623,0,1277
1545934715450,18286,HTTP Request,200,OK,Thread Group 1-788,text,true,,22003,118,388,388,http://35.247.123.223/,15675,0,1214
1545934714888,18852,HTTP Request,200,OK,Thread Group 1-374,text,true,,22003,118,387,387,http://35.247.123.223/,10291,0,1082
1545934715497,18285,HTTP Request,200,OK,Thread Group 1-847,text,true,,22003,118,386,386,http://35.247.123.223/,6990,0,1225
1545934714850,18951,HTTP Request,200,OK,Thread Group 1-343,text,true,,22003,118,385,385,http://35.247.123.223/,13153,0,1236
1545934715679,18124,HTTP Request,200,OK,Thread Group 1-931,text,true,,22003,118,384,384,http://35.247.123.223/,13320,0,4353
1545934714740,19064,HTTP Request,200,OK,Thread Group 1-258,text,true,,22003,118,383,383,http://35.247.123.223/,8956,0,2902
1545934715146,18681,HTTP Request,200,OK,Thread Group 1-574,text,true,,22003,118,382,382,http://35.247.123.223/,17387,0,1194
1545934715033,18802,HTTP Request,200,OK,Thread Group 1-485,text,true,,22003,118,381,381,http://35.247.123.223/,17663,0,883
1545934715449,18387,HTTP Request,200,OK,Thread Group 1-795,text,true,,22003,118,380,380,http://35.247.123.223/,11648,0,1211
1545934715011,18826,HTTP Request,200,OK,Thread Group 1-468,text,true,,22003,118,379,379,http://35.247.123.223/,8826,0,770
1545934715047,18796,HTTP Request,200,OK,Thread Group 1-495,text,true,,22003,118,378,378,http://35.247.123.223/,17659,0,915
1545934714969,18884,HTTP Request,200,OK,Thread Group 1-437,text,true,,22003,118,377,377,http://35.247.123.223/,9057,0,705
1545934714844,19030,HTTP Request,200,OK,Thread Group 1-340,text,true,,22003,118,376,376,http://35.247.123.223/,10825,0,1269
1545934714915,18966,HTTP Request,200,OK,Thread Group 1-382,text,true,,22003,118,375,375,http://35.247.123.223/,9760,0,1008
1545934715039,18854,HTTP Request,200,OK,Thread Group 1-489,text,true,,22003,118,374,374,http://35.247.123.223/,17837,0,895
1545934714732,19162,HTTP Request,200,OK,Thread Group 1-219,text,true,,22003,118,373,373,http://35.247.123.223/,11691,0,1552
1545934715118,18815,HTTP Request,200,OK,Thread Group 1-552,text,true,,22003,118,372,372,http://35.247.123.223/,17647,0,1122
1545934715725,18212,HTTP Request,200,OK,Thread Group 1-966,text,true,,22003,118,371,371,http://35.247.123.223/,8920,0,2302
1545934714813,19190,HTTP Request,200,OK,Thread Group 1-317,text,true,,22003,118,370,370,http://35.247.123.223/,11381,0,1394
1545934714728,19328,HTTP Request,200,OK,Thread Group 1-234,text,true,,22003,118,369,369,http://35.247.123.223/,10338,0,1313
1545934715206,18860,HTTP Request,200,OK,Thread Group 1-618,text,true,,22003,118,368,368,http://35.247.123.223/,13363,0,1265
1545934715042,19025,HTTP Request,200,OK,Thread Group 1-492,text,true,,22003,118,367,367,http://35.247.123.223/,9997,0,913
1545934715402,18667,HTTP Request,200,OK,Thread Group 1-772,text,true,,22003,118,366,366,http://35.247.123.223/,12723,0,1227
1545934715696,18373,HTTP Request,200,OK,Thread Group 1-946,text,true,,22003,118,366,366,http://35.247.123.223/,7053,0,1346
1545934714839,19322,HTTP Request,200,OK,Thread Group 1-336,text,true,,22003,118,364,364,http://35.247.123.223/,5025,0,1291
1545934714635,19604,HTTP Request,200,OK,Thread Group 1-119,text,true,,22003,118,363,363,http://35.247.123.223/,9000,0,1075
1545934715446,18801,HTTP Request,200,OK,Thread Group 1-803,text,true,,22003,118,362,362,http://35.247.123.223/,6438,0,1212
1545934715737,18513,HTTP Request,200,OK,Thread Group 1-978,text,true,,22003,118,361,361,http://35.247.123.223/,11151,0,1373
1545934715744,18527,HTTP Request,200,OK,Thread Group 1-983,text,true,,22003,118,360,360,http://35.247.123.223/,15504,0,1374
1545934715748,18527,HTTP Request,200,OK,Thread Group 1-986,text,true,,22003,118,359,359,http://35.247.123.223/,7171,0,1370
1545934715761,18514,HTTP Request,200,OK,Thread Group 1-993,text,true,,22003,118,358,358,http://35.247.123.223/,8236,0,2763
1545934715362,18915,HTTP Request,200,OK,Thread Group 1-739,text,true,,22003,118,357,357,http://35.247.123.223/,11974,0,1231
1545934715188,19135,HTTP Request,200,OK,Thread Group 1-603,text,true,,22003,118,356,356,http://35.247.123.223/,18513,0,1275
1545934715183,19143,HTTP Request,200,OK,Thread Group 1-598,text,true,,22003,118,355,355,http://35.247.123.223/,13062,0,1280
1545934715704,18683,HTTP Request,200,OK,Thread Group 1-949,text,true,,22003,118,354,354,http://35.247.123.223/,7105,0,1377
1545934715414,19009,HTTP Request,200,OK,Thread Group 1-782,text,true,,22003,118,353,353,http://35.247.123.223/,12713,0,1224
1545934714956,19513,HTTP Request,200,OK,Thread Group 1-426,text,true,,22003,118,352,352,http://35.247.123.223/,16686,0,754
1545934715450,19025,HTTP Request,200,OK,Thread Group 1-790,text,true,,22003,118,351,351,http://35.247.123.223/,6545,0,1214
1545934714773,19711,HTTP Request,200,OK,Thread Group 1-284,text,true,,22003,118,350,350,http://35.247.123.223/,18927,0,1567
1545934715449,19060,HTTP Request,200,OK,Thread Group 1-794,text,true,,22003,118,349,349,http://35.247.123.223/,17848,0,1211
1545934714606,19904,HTTP Request,200,OK,Thread Group 1-32,text,true,,22003,118,348,348,http://35.247.123.223/,18385,0,1405
1545934714767,19745,HTTP Request,200,OK,Thread Group 1-279,text,true,,22003,118,347,347,http://35.247.123.223/,18943,0,1588
1545934715063,19464,HTTP Request,200,OK,Thread Group 1-507,text,true,,22003,118,346,346,http://35.247.123.223/,17921,0,955
1545934714837,19758,HTTP Request,200,OK,Thread Group 1-333,text,true,,22003,118,345,345,http://35.247.123.223/,18882,0,1294
1545934715085,19513,HTTP Request,200,OK,Thread Group 1-523,text,true,,22003,118,344,344,http://35.247.123.223/,18636,0,1035
1545934714603,20002,HTTP Request,200,OK,Thread Group 1-98,text,true,,22003,118,343,343,http://35.247.123.223/,10685,0,1470
1545934714729,19891,HTTP Request,200,OK,Thread Group 1-227,text,true,,22003,118,342,342,http://35.247.123.223/,10831,0,1345
1545934715036,19587,HTTP Request,200,OK,Thread Group 1-487,text,true,,22003,118,341,341,http://35.247.123.223/,9902,0,884
1545934714963,19676,HTTP Request,200,OK,Thread Group 1-433,text,true,,22003,118,340,340,http://35.247.123.223/,8525,0,735
1545934714947,19693,HTTP Request,200,OK,Thread Group 1-419,text,true,,22003,118,339,339,http://35.247.123.223/,9436,0,841
1545934715745,18910,HTTP Request,200,OK,Thread Group 1-984,text,true,,22003,118,338,338,http://35.247.123.223/,7175,0,1373
1545934715023,19637,HTTP Request,200,OK,Thread Group 1-476,text,true,,22003,118,337,337,http://35.247.123.223/,17286,0,827
1545934714605,20109,HTTP Request,200,OK,Thread Group 1-162,text,true,,22003,118,336,336,http://35.247.123.223/,5424,0,1426
1545934715091,19627,HTTP Request,200,OK,Thread Group 1-529,text,true,,22003,118,335,335,http://35.247.123.223/,18908,0,1050
1545934714821,19905,HTTP Request,200,OK,Thread Group 1-322,text,true,,22003,118,334,334,http://35.247.123.223/,12775,0,1361
1545934714608,20119,HTTP Request,200,OK,Thread Group 1-50,text,true,,22003,118,333,333,http://35.247.123.223/,5243,0,1396
1545934715749,19010,HTTP Request,200,OK,Thread Group 1-987,text,true,,22003,118,332,332,http://35.247.123.223/,7282,0,1375
1545934714824,19940,HTTP Request,200,OK,Thread Group 1-325,text,true,,22003,118,331,331,http://35.247.123.223/,19176,0,1348
1545934715359,19435,HTTP Request,200,OK,Thread Group 1-736,text,true,,22003,118,330,330,http://35.247.123.223/,13357,0,1231
1545934715736,19061,HTTP Request,200,OK,Thread Group 1-976,text,true,,22003,118,329,329,http://35.247.123.223/,7371,0,1374
1545934715073,19726,HTTP Request,200,OK,Thread Group 1-514,text,true,,22003,118,328,328,http://35.247.123.223/,10399,0,990
1545934714816,20000,HTTP Request,200,OK,Thread Group 1-319,text,true,,22003,118,327,327,http://35.247.123.223/,15129,0,1379
1545934715482,19338,HTTP Request,200,OK,Thread Group 1-832,text,true,,22003,118,326,326,http://35.247.123.223/,13285,0,1231
1545934714942,19975,HTTP Request,200,OK,Thread Group 1-414,text,true,,22003,118,325,325,http://35.247.123.223/,4576,0,866
1545934714604,20369,HTTP Request,200,OK,Thread Group 1-104,text,true,,22003,118,324,324,http://35.247.123.223/,10853,0,1448
1545934714846,20134,HTTP Request,200,OK,Thread Group 1-342,text,true,,22003,118,323,323,http://35.247.123.223/,18878,0,1266
1545934715696,19292,HTTP Request,200,OK,Thread Group 1-943,text,true,,22003,118,322,322,http://35.247.123.223/,7313,0,1346
1545934715747,19259,HTTP Request,200,OK,Thread Group 1-985,text,true,,22003,118,321,321,http://35.247.123.223/,7272,0,1377
1545934714628,20414,HTTP Request,200,OK,Thread Group 1-36,text,true,,22003,118,320,320,http://35.247.123.223/,19622,0,1573
1545934715401,19701,HTTP Request,200,OK,Thread Group 1-769,text,true,,22003,118,319,319,http://35.247.123.223/,13627,0,1221
1545934715534,19571,HTTP Request,200,OK,Thread Group 1-875,text,true,,22003,118,318,318,http://35.247.123.223/,19191,0,1244
1545934714729,20385,HTTP Request,200,OK,Thread Group 1-231,text,true,,22003,118,317,317,http://35.247.123.223/,5114,0,1404
1545934715112,20068,HTTP Request,200,OK,Thread Group 1-547,text,true,,22003,118,316,316,http://35.247.123.223/,19324,0,1107
1545934714629,20557,HTTP Request,200,OK,Thread Group 1-26,text,true,,22003,118,315,315,http://35.247.123.223/,11559,0,1655
1545934715450,19739,HTTP Request,200,OK,Thread Group 1-791,text,true,,22003,118,314,314,http://35.247.123.223/,11872,0,1214
1545934714624,20574,HTTP Request,200,OK,Thread Group 1-159,text,true,,22003,118,313,313,http://35.247.123.223/,11143,0,1545
1545934715502,19701,HTTP Request,200,OK,Thread Group 1-848,text,true,,22003,118,312,312,http://35.247.123.223/,18013,0,1229
1545934715162,20079,HTTP Request,200,OK,Thread Group 1-585,text,true,,22003,118,311,311,http://35.247.123.223/,7266,0,1257
1545934715730,19546,HTTP Request,200,OK,Thread Group 1-970,text,true,,22003,118,310,310,http://35.247.123.223/,7134,0,1376
1545934715171,20155,HTTP Request,200,OK,Thread Group 1-589,text,true,,22003,118,309,309,http://35.247.123.223/,19301,0,3073
1545934714603,20756,HTTP Request,200,OK,Thread Group 1-121,text,true,,22003,118,308,308,http://35.247.123.223/,9891,0,1194
1545934715570,19847,HTTP Request,200,OK,Thread Group 1-907,text,true,,22003,118,307,307,http://35.247.123.223/,7181,0,1262
1545934714647,20815,HTTP Request,200,OK,Thread Group 1-184,text,true,,22003,118,306,306,http://35.247.123.223/,20068,0,1582
1545934715496,19970,HTTP Request,200,OK,Thread Group 1-843,text,true,,22003,118,305,305,http://35.247.123.223/,13787,0,1223
1545934714805,20680,HTTP Request,200,OK,Thread Group 1-311,text,true,,22003,118,304,304,http://35.247.123.223/,19910,0,1435
1545934714625,20862,HTTP Request,200,OK,Thread Group 1-174,text,true,,22003,118,303,303,http://35.247.123.223/,11361,0,1544
1545934714759,20893,HTTP Request,200,OK,Thread Group 1-273,text,true,,22003,118,302,302,http://35.247.123.223/,6052,0,1609
1545934715128,20556,HTTP Request,200,OK,Thread Group 1-560,text,true,,22003,118,301,301,http://35.247.123.223/,19797,0,1161
1545934715118,20567,HTTP Request,200,OK,Thread Group 1-553,text,true,,22003,118,300,300,http://35.247.123.223/,19809,0,1123
1545934714883,20866,HTTP Request,200,OK,Thread Group 1-369,text,true,,22003,118,299,299,http://35.247.123.223/,4822,0,1092
1545934714880,20875,HTTP Request,200,OK,Thread Group 1-367,text,true,,22003,118,298,298,http://35.247.123.223/,6075,0,1112
1545934715696,20114,HTTP Request,200,OK,Thread Group 1-945,text,true,,22003,118,297,297,http://35.247.123.223/,7054,0,1346
1545934714630,21271,HTTP Request,200,OK,Thread Group 1-135,text,true,,22003,118,296,296,http://35.247.123.223/,20553,0,1663
1545934715671,20260,HTTP Request,200,OK,Thread Group 1-925,text,true,,22003,118,295,295,http://35.247.123.223/,7250,0,1338
1545934714802,21132,HTTP Request,200,OK,Thread Group 1-309,text,true,,22003,118,294,294,http://35.247.123.223/,20390,0,1460
1545934715019,20918,HTTP Request,200,OK,Thread Group 1-474,text,true,,22003,118,293,293,http://35.247.123.223/,8991,0,801
1545934714735,21280,HTTP Request,200,OK,Thread Group 1-212,text,true,,22003,118,292,292,http://35.247.123.223/,6757,0,1633
1545934715561,20460,HTTP Request,200,OK,Thread Group 1-898,text,true,,22003,118,291,291,http://35.247.123.223/,7127,0,1248
1545934715734,20290,HTTP Request,200,OK,Thread Group 1-972,text,true,,22003,118,290,290,http://35.247.123.223/,7316,0,1372
1545934714627,21446,HTTP Request,200,OK,Thread Group 1-176,text,true,,22003,118,289,289,http://35.247.123.223/,11669,0,1634
1545934715123,20976,HTTP Request,200,OK,Thread Group 1-559,text,true,,22003,118,288,288,http://35.247.123.223/,15031,0,1159
1545934715149,20975,HTTP Request,200,OK,Thread Group 1-577,text,true,,22003,118,287,287,http://35.247.123.223/,20263,0,1199
1545934714785,21345,HTTP Request,200,OK,Thread Group 1-292,text,true,,22003,118,286,286,http://35.247.123.223/,20628,0,1516
1545934714777,21358,HTTP Request,200,OK,Thread Group 1-286,text,true,,22003,118,285,285,http://35.247.123.223/,20638,0,1547
1545934715123,21018,HTTP Request,200,OK,Thread Group 1-556,text,true,,22003,118,284,284,http://35.247.123.223/,20295,0,1159
1545934714799,21351,HTTP Request,200,OK,Thread Group 1-306,text,true,,22003,118,283,283,http://35.247.123.223/,20620,0,1483
1545934714640,21528,HTTP Request,200,OK,Thread Group 1-11,text,true,,22003,118,282,282,http://35.247.123.223/,20782,0,1689
1545934714733,21443,HTTP Request,200,OK,Thread Group 1-220,text,true,,22003,118,281,281,http://35.247.123.223/,20692,0,1560
1545934714783,21406,HTTP Request,200,OK,Thread Group 1-290,text,true,,22003,118,280,280,http://35.247.123.223/,20643,0,1535
1545934715708,20513,HTTP Request,200,OK,Thread Group 1-954,text,true,,22003,118,279,279,http://35.247.123.223/,14128,0,1373
1545934714642,21582,HTTP Request,200,OK,Thread Group 1-181,text,true,,22003,118,278,278,http://35.247.123.223/,20813,0,1682
1545934715130,21115,HTTP Request,200,OK,Thread Group 1-562,text,true,,22003,118,277,277,http://35.247.123.223/,20327,0,1160
1545934714782,21483,HTTP Request,200,OK,Thread Group 1-289,text,true,,22003,118,276,276,http://35.247.123.223/,20678,0,1540
1545934714764,21509,HTTP Request,200,OK,Thread Group 1-277,text,true,,22003,118,275,275,http://35.247.123.223/,6648,0,1597
1545934715708,20568,HTTP Request,200,OK,Thread Group 1-953,text,true,,22003,118,274,274,http://35.247.123.223/,12071,0,2319
1545934715449,20829,HTTP Request,200,OK,Thread Group 1-793,text,true,,22003,118,273,273,http://35.247.123.223/,11954,0,1215
1545934715316,20965,HTTP Request,200,OK,Thread Group 1-701,text,true,,22003,118,272,272,http://35.247.123.223/,6263,0,1245
1545934715491,20801,HTTP Request,200,OK,Thread Group 1-842,text,true,,22003,118,271,271,http://35.247.123.223/,6703,0,1228
1545934715383,21008,HTTP Request,200,OK,Thread Group 1-759,text,true,,22003,118,270,270,http://35.247.123.223/,16463,0,1235
1545934715144,21357,HTTP Request,200,OK,Thread Group 1-573,text,true,,22003,118,269,269,http://35.247.123.223/,20543,0,1185
1545934714734,21767,HTTP Request,200,OK,Thread Group 1-217,text,true,,22003,118,269,269,http://35.247.123.223/,20952,0,1596
1545934714632,21869,HTTP Request,200,OK,Thread Group 1-45,text,true,,22003,118,269,269,http://35.247.123.223/,21056,0,1710
1545934714933,21606,HTTP Request,200,OK,Thread Group 1-408,text,true,,22003,118,266,266,http://35.247.123.223/,9265,0,951
1545934715681,20934,HTTP Request,200,OK,Thread Group 1-932,text,true,,22003,118,265,265,http://35.247.123.223/,10606,0,4354
1545934714632,22082,HTTP Request,200,OK,Thread Group 1-46,text,true,,22003,118,264,264,http://35.247.123.223/,21056,0,1718
1545934714631,22086,HTTP Request,200,OK,Thread Group 1-90,text,true,,22003,118,263,263,http://35.247.123.223/,11973,0,1691
1545934715143,21577,HTTP Request,200,OK,Thread Group 1-572,text,true,,22003,118,262,262,http://35.247.123.223/,20546,0,1185
1545934714632,22093,HTTP Request,200,OK,Thread Group 1-57,text,true,,22003,118,261,261,http://35.247.123.223/,21058,0,1696
1545934715264,21466,HTTP Request,200,OK,Thread Group 1-662,text,true,,22003,118,260,260,http://35.247.123.223/,20674,0,1230
1545934714737,22010,HTTP Request,200,OK,Thread Group 1-209,text,true,,22003,118,259,259,http://35.247.123.223/,21203,0,1634
1545934714642,22155,HTTP Request,200,OK,Thread Group 1-118,text,true,,22003,118,258,258,http://35.247.123.223/,11965,0,1682
1545934714640,22193,HTTP Request,200,OK,Thread Group 1-84,text,true,,22003,118,257,257,http://35.247.123.223/,9384,0,1037
1545934715342,21509,HTTP Request,200,OK,Thread Group 1-723,text,true,,22003,118,256,256,http://35.247.123.223/,6195,0,1237
1545934715233,21721,HTTP Request,200,OK,Thread Group 1-636,text,true,,22003,118,255,255,http://35.247.123.223/,20710,0,1246
1545934714748,22241,HTTP Request,200,OK,Thread Group 1-266,text,true,,22003,118,254,254,http://35.247.123.223/,21448,0,1675
1545934715502,21508,HTTP Request,200,OK,Thread Group 1-849,text,true,,22003,118,253,253,http://35.247.123.223/,11884,0,1229
1545934715734,21278,HTTP Request,200,OK,Thread Group 1-973,text,true,,22003,118,252,252,http://35.247.123.223/,7335,0,1374
1545934715196,21850,HTTP Request,200,OK,Thread Group 1-609,text,true,,22003,118,251,251,http://35.247.123.223/,13202,0,1270
1545934714731,22328,HTTP Request,200,OK,Thread Group 1-252,text,true,,22003,118,250,250,http://35.247.123.223/,15215,0,1463
1545934715142,21917,HTTP Request,200,OK,Thread Group 1-571,text,true,,22003,118,249,249,http://35.247.123.223/,5554,0,1182
1545934714641,22575,HTTP Request,200,OK,Thread Group 1-148,text,true,,22003,118,248,248,http://35.247.123.223/,11770,0,1680
1545934715181,22055,HTTP Request,200,OK,Thread Group 1-596,text,true,,22003,118,247,247,http://35.247.123.223/,16855,0,1282
1545934714724,22513,HTTP Request,200,OK,Thread Group 1-243,text,true,,22003,118,246,246,http://35.247.123.223/,10951,0,1126
1545934714739,22500,HTTP Request,200,OK,Thread Group 1-205,text,true,,22003,118,245,245,http://35.247.123.223/,21459,0,1684
1545934715251,21996,HTTP Request,200,OK,Thread Group 1-652,text,true,,22003,118,244,244,http://35.247.123.223/,20954,0,1236
1545934715516,21751,HTTP Request,200,OK,Thread Group 1-859,text,true,,22003,118,243,243,http://35.247.123.223/,20774,0,1234
1545934715299,21969,HTTP Request,200,OK,Thread Group 1-688,text,true,,22003,118,242,242,http://35.247.123.223/,21150,0,1239
1545934715469,21800,HTTP Request,200,OK,Thread Group 1-822,text,true,,22003,118,241,241,http://35.247.123.223/,20982,0,1218
1545934715164,22116,HTTP Request,200,OK,Thread Group 1-586,text,true,,22003,118,240,240,http://35.247.123.223/,21290,0,1259
1545934714771,22526,HTTP Request,200,OK,Thread Group 1-281,text,true,,22003,118,239,239,http://35.247.123.223/,11989,0,1571
1545934715491,21810,HTTP Request,200,OK,Thread Group 1-841,text,true,,22003,118,238,238,http://35.247.123.223/,13535,0,1228
1545934714644,22662,HTTP Request,200,OK,Thread Group 1-49,text,true,,22003,118,237,237,http://35.247.123.223/,9507,0,1059
1545934715377,21933,HTTP Request,200,OK,Thread Group 1-751,text,true,,22003,118,236,236,http://35.247.123.223/,21102,0,1227
1545934715216,22110,HTTP Request,200,OK,Thread Group 1-622,text,true,,22003,118,235,235,http://35.247.123.223/,11730,0,1255
1545934715414,21921,HTTP Request,200,OK,Thread Group 1-780,text,true,,22003,118,234,234,http://35.247.123.223/,21076,0,1224
1545934715258,22091,HTTP Request,200,OK,Thread Group 1-656,text,true,,22003,118,233,233,http://35.247.123.223/,21243,0,1235
1545934715288,22098,HTTP Request,200,OK,Thread Group 1-680,text,true,,22003,118,232,232,http://35.247.123.223/,11691,0,1236
1545934715408,21989,HTTP Request,200,OK,Thread Group 1-778,text,true,,22003,118,231,231,http://35.247.123.223/,21093,0,1225
1545934715205,22210,HTTP Request,200,OK,Thread Group 1-615,text,true,,22003,118,230,230,http://35.247.123.223/,21277,0,1266
1545934715264,22170,HTTP Request,200,OK,Thread Group 1-661,text,true,,22003,118,229,229,http://35.247.123.223/,21225,0,1236
1545934715035,22508,HTTP Request,200,OK,Thread Group 1-486,text,true,,22003,118,228,228,http://35.247.123.223/,9790,0,881
1545934715463,22089,HTTP Request,200,OK,Thread Group 1-819,text,true,,22003,118,227,227,http://35.247.123.223/,21028,0,1220
1545934714742,22820,HTTP Request,200,OK,Thread Group 1-259,text,true,,22003,118,226,226,http://35.247.123.223/,8912,0,3503
1545934715497,22069,HTTP Request,200,OK,Thread Group 1-844,text,true,,22003,118,225,225,http://35.247.123.223/,21235,0,1225
1545934715354,22213,HTTP Request,200,OK,Thread Group 1-731,text,true,,22003,118,224,224,http://35.247.123.223/,21381,0,1232
1545934715469,22118,HTTP Request,200,OK,Thread Group 1-823,text,true,,22003,118,223,223,http://35.247.123.223/,21264,0,1218
1545934715301,22300,HTTP Request,200,OK,Thread Group 1-691,text,true,,22003,118,222,222,http://35.247.123.223/,21183,0,1238
1545934715456,22176,HTTP Request,200,OK,Thread Group 1-816,text,true,,22003,118,221,221,http://35.247.123.223/,21284,0,1222
1545934715016,22623,HTTP Request,200,OK,Thread Group 1-472,text,true,,22003,118,220,220,http://35.247.123.223/,8927,0,788
1545934715355,22306,HTTP Request,200,OK,Thread Group 1-733,text,true,,22003,118,219,219,http://35.247.123.223/,21382,0,1233
1545934715354,22328,HTTP Request,200,OK,Thread Group 1-735,text,true,,22003,118,218,218,http://35.247.123.223/,21382,0,1233
1545934715463,22292,HTTP Request,200,OK,Thread Group 1-818,text,true,,22003,118,217,217,http://35.247.123.223/,21261,0,1216
1545934715463,22303,HTTP Request,200,OK,Thread Group 1-821,text,true,,22003,118,216,216,http://35.247.123.223/,21265,0,1218
1545934715534,22234,HTTP Request,200,OK,Thread Group 1-874,text,true,,22003,118,215,215,http://35.247.123.223/,21190,0,1245
1545934715011,22763,HTTP Request,200,OK,Thread Group 1-467,text,true,,22003,118,214,214,http://35.247.123.223/,9264,0,770
1545934715450,22329,HTTP Request,200,OK,Thread Group 1-811,text,true,,22003,118,213,213,http://35.247.123.223/,6997,0,1214
1545934715713,22082,HTTP Request,200,OK,Thread Group 1-955,text,true,,22003,118,212,212,http://35.247.123.223/,12065,0,2314
1545934715238,22559,HTTP Request,200,OK,Thread Group 1-641,text,true,,22003,118,211,211,http://35.247.123.223/,11748,0,1244
1545934715576,22237,HTTP Request,200,OK,Thread Group 1-910,text,true,,22003,118,210,210,http://35.247.123.223/,21417,0,1258
1545934715547,22271,HTTP Request,200,OK,Thread Group 1-884,text,true,,22003,118,209,209,http://35.247.123.223/,21452,0,1250
1545934715580,22245,HTTP Request,200,OK,Thread Group 1-913,text,true,,22003,118,208,208,http://35.247.123.223/,21420,0,1254
1545934715576,22281,HTTP Request,200,OK,Thread Group 1-909,text,true,,22003,118,207,207,http://35.247.123.223/,21427,0,1258
1545934715558,22299,HTTP Request,200,OK,Thread Group 1-894,text,true,,22003,118,207,207,http://35.247.123.223/,21445,0,1250
1545934715476,22381,HTTP Request,200,OK,Thread Group 1-827,text,true,,22003,118,207,207,http://35.247.123.223/,21529,0,1233
1545934715506,22360,HTTP Request,200,OK,Thread Group 1-851,text,true,,22003,118,204,204,http://35.247.123.223/,21500,0,1237
1545934715056,22818,HTTP Request,200,OK,Thread Group 1-501,text,true,,22003,118,203,203,http://35.247.123.223/,16745,0,937
1545934715547,22336,HTTP Request,200,OK,Thread Group 1-888,text,true,,22003,118,202,202,http://35.247.123.223/,21471,0,1253
1545934715331,22556,HTTP Request,200,OK,Thread Group 1-715,text,true,,22003,118,201,201,http://35.247.123.223/,21688,0,1239
1545934714729,23164,HTTP Request,200,OK,Thread Group 1-229,text,true,,22003,118,200,200,http://35.247.123.223/,10089,0,1183
1545934715506,22420,HTTP Request,200,OK,Thread Group 1-855,text,true,,22003,118,199,199,http://35.247.123.223/,11954,0,1237
1545934715740,22211,HTTP Request,200,OK,Thread Group 1-980,text,true,,22003,118,198,198,http://35.247.123.223/,7394,0,1370
1545934715542,22583,HTTP Request,200,OK,Thread Group 1-883,text,true,,22003,118,197,197,http://35.247.123.223/,12155,0,1252
1545934714724,23544,HTTP Request,200,OK,Thread Group 1-240,text,true,,22003,118,196,196,http://35.247.123.223/,10118,0,1188
1545934714608,23736,HTTP Request,200,OK,Thread Group 1-80,text,true,,22003,118,195,195,http://35.247.123.223/,23190,0,1396
1545934714834,23702,HTTP Request,200,OK,Thread Group 1-332,text,true,,22003,118,194,194,http://35.247.123.223/,10801,0,1308
1545934714872,23753,HTTP Request,200,OK,Thread Group 1-360,text,true,,22003,118,193,193,http://35.247.123.223/,10057,0,1137
1545934714629,24084,HTTP Request,200,OK,Thread Group 1-156,text,true,,22003,118,192,192,http://35.247.123.223/,6495,0,1620
1545934715671,23088,HTTP Request,200,OK,Thread Group 1-924,text,true,,22003,118,191,191,http://35.247.123.223/,7040,0,1338
1545934714919,23840,HTTP Request,200,OK,Thread Group 1-398,text,true,,22003,118,190,190,http://35.247.123.223/,9953,0,997
1545934714917,23855,HTTP Request,200,OK,Thread Group 1-389,text,true,,22003,118,189,189,http://35.247.123.223/,10097,0,1017
1545934714644,24158,HTTP Request,200,OK,Thread Group 1-130,text,true,,22003,118,188,188,http://35.247.123.223/,23152,0,1057
1545934714605,24278,HTTP Request,200,OK,Thread Group 1-63,text,true,,22003,118,187,187,http://35.247.123.223/,10574,0,1455
1545934715007,23880,HTTP Request,200,OK,Thread Group 1-463,text,true,,22003,118,186,186,http://35.247.123.223/,8624,0,703
1545934714854,24040,HTTP Request,200,OK,Thread Group 1-346,text,true,,22003,118,185,185,http://35.247.123.223/,18588,0,1218
1545934715046,23862,HTTP Request,200,OK,Thread Group 1-494,text,true,,22003,118,184,184,http://35.247.123.223/,9734,0,914
1545934714608,24318,HTTP Request,200,OK,Thread Group 1-81,text,true,,22003,118,183,183,http://35.247.123.223/,12003,0,1373
1545934715316,23672,HTTP Request,200,OK,Thread Group 1-702,text,true,,22003,118,182,182,http://35.247.123.223/,13124,0,1245
1545934714635,24402,HTTP Request,200,OK,Thread Group 1-56,text,true,,22003,118,181,181,http://35.247.123.223/,8914,0,1066
1545934714631,24438,HTTP Request,200,OK,Thread Group 1-67,text,true,,22003,118,180,180,http://35.247.123.223/,18523,0,1690
1545934715076,23994,HTTP Request,200,OK,Thread Group 1-518,text,true,,22003,118,179,179,http://35.247.123.223/,23236,0,1004
1545934714878,24198,HTTP Request,200,OK,Thread Group 1-366,text,true,,22003,118,178,178,http://35.247.123.223/,9960,0,1110
1545934715025,24053,HTTP Request,200,OK,Thread Group 1-479,text,true,,22003,118,177,177,http://35.247.123.223/,9698,0,857
1545934714605,24505,HTTP Request,200,OK,Thread Group 1-18,text,true,,22003,118,176,176,http://35.247.123.223/,10736,0,1434
1545934714864,24262,HTTP Request,200,OK,Thread Group 1-355,text,true,,22003,118,175,175,http://35.247.123.223/,10285,0,1179
1545934714861,24266,HTTP Request,200,OK,Thread Group 1-351,text,true,,22003,118,174,174,http://35.247.123.223/,10261,0,1189
1545934715062,24143,HTTP Request,200,OK,Thread Group 1-506,text,true,,22003,118,173,173,http://35.247.123.223/,11692,0,949
1545934714634,24683,HTTP Request,200,OK,Thread Group 1-142,text,true,,22003,118,172,172,http://35.247.123.223/,17733,0,1143
1545934714864,24574,HTTP Request,200,OK,Thread Group 1-354,text,true,,22003,118,171,171,http://35.247.123.223/,10505,0,1180
1545934714625,24885,HTTP Request,200,OK,Thread Group 1-88,text,true,,22003,118,170,170,http://35.247.123.223/,10729,0,1463
1545934714842,24691,HTTP Request,200,OK,Thread Group 1-338,text,true,,22003,118,169,169,http://35.247.123.223/,23976,0,1280
1545934714850,24859,HTTP Request,200,OK,Thread Group 1-344,text,true,,22003,118,168,168,http://35.247.123.223/,10459,0,1232
1545934715097,24689,HTTP Request,200,OK,Thread Group 1-533,text,true,,22003,118,167,167,http://35.247.123.223/,10601,0,1071
1545934715476,24491,HTTP Request,200,OK,Thread Group 1-830,text,true,,22003,118,166,166,http://35.247.123.223/,6682,0,1235
1545934715028,25082,HTTP Request,200,OK,Thread Group 1-482,text,true,,22003,118,165,165,http://35.247.123.223/,11240,0,860
1545934715401,24716,HTTP Request,200,OK,Thread Group 1-771,text,true,,22003,118,164,164,http://35.247.123.223/,21081,0,1221
1545934714600,25617,HTTP Request,200,OK,Thread Group 1-66,text,true,,22003,118,163,163,http://35.247.123.223/,11190,0,1581
1545934714641,25714,HTTP Request,200,OK,Thread Group 1-93,text,true,,22003,118,162,162,http://35.247.123.223/,12020,0,1471
1545934715167,25192,HTTP Request,200,OK,Thread Group 1-587,text,true,,22003,118,161,161,http://35.247.123.223/,7696,0,1257
1545934715110,25284,HTTP Request,200,OK,Thread Group 1-545,text,true,,22003,118,160,160,http://35.247.123.223/,10792,0,1093
1545934714936,25551,HTTP Request,200,OK,Thread Group 1-409,text,true,,22003,118,159,159,http://35.247.123.223/,9183,0,915
1545934715101,25450,HTTP Request,200,OK,Thread Group 1-537,text,true,,22003,118,158,158,http://35.247.123.223/,10721,0,1073
1545934715251,25360,HTTP Request,200,OK,Thread Group 1-653,text,true,,22003,118,157,157,http://35.247.123.223/,11423,0,1233
1545934715401,25211,HTTP Request,200,OK,Thread Group 1-770,text,true,,22003,118,156,156,http://35.247.123.223/,6304,0,1221
1545934714864,25751,HTTP Request,200,OK,Thread Group 1-353,text,true,,22003,118,155,155,http://35.247.123.223/,10456,0,1178
1545934714642,26007,HTTP Request,200,OK,Thread Group 1-151,text,true,,22003,118,154,154,http://35.247.123.223/,25468,0,1687
1545934714601,26060,HTTP Request,200,OK,Thread Group 1-108,text,true,,22003,118,153,153,http://35.247.123.223/,25513,0,1569
1545934715091,25578,HTTP Request,200,OK,Thread Group 1-530,text,true,,22003,118,152,152,http://35.247.123.223/,10795,0,1049
1545934714618,26190,HTTP Request,200,OK,Thread Group 1-171,text,true,,22003,118,151,151,http://35.247.123.223/,11003,0,1465
1545934714730,26081,HTTP Request,200,OK,Thread Group 1-250,text,true,,22003,118,150,150,http://35.247.123.223/,10925,0,1420
1545934714791,26077,HTTP Request,200,OK,Thread Group 1-298,text,true,,22003,118,149,149,http://35.247.123.223/,11510,0,1499
1545934715100,25827,HTTP Request,200,OK,Thread Group 1-536,text,true,,22003,118,148,148,http://35.247.123.223/,10890,0,1072
1545934714624,26308,HTTP Request,200,OK,Thread Group 1-106,text,true,,22003,118,147,147,http://35.247.123.223/,25737,0,1570
1545934715097,25842,HTTP Request,200,OK,Thread Group 1-534,text,true,,22003,118,146,146,http://35.247.123.223/,10867,0,1071
1545934714868,26089,HTTP Request,200,OK,Thread Group 1-359,text,true,,22003,118,145,145,http://35.247.123.223/,25262,0,1154
1545934714726,26318,HTTP Request,200,OK,Thread Group 1-239,text,true,,22003,118,144,144,http://35.247.123.223/,9990,0,1125
1545934714603,26485,HTTP Request,200,OK,Thread Group 1-33,text,true,,22003,118,143,143,http://35.247.123.223/,10632,0,1460
1545934714640,26495,HTTP Request,200,OK,Thread Group 1-87,text,true,,22003,118,142,142,http://35.247.123.223/,9302,0,1158
1545934714635,26506,HTTP Request,200,OK,Thread Group 1-47,text,true,,22003,118,141,141,http://35.247.123.223/,25477,0,1069
1545934715528,25614,HTTP Request,200,OK,Thread Group 1-870,text,true,,22003,118,140,140,http://35.247.123.223/,12137,0,1240
1545934715188,25955,HTTP Request,200,OK,Thread Group 1-602,text,true,,22003,118,139,139,http://35.247.123.223/,16657,0,1275
1545934714807,26445,HTTP Request,200,OK,Thread Group 1-314,text,true,,22003,118,138,138,http://35.247.123.223/,11196,0,1422
1545934714796,26547,HTTP Request,200,OK,Thread Group 1-304,text,true,,22003,118,137,137,http://35.247.123.223/,11329,0,1488
1545934715123,26256,HTTP Request,200,OK,Thread Group 1-557,text,true,,22003,118,136,136,http://35.247.123.223/,11121,0,1159
1545934715736,25645,HTTP Request,200,OK,Thread Group 1-977,text,true,,22003,118,135,135,http://35.247.123.223/,14996,0,1374
1545934714628,26755,HTTP Request,200,OK,Thread Group 1-158,text,true,,22003,118,134,134,http://35.247.123.223/,11555,0,1572
1545934715763,25622,HTTP Request,200,OK,Thread Group 1-995,text,true,,22003,118,133,133,http://35.247.123.223/,8266,0,2764
1545934715058,26362,HTTP Request,200,OK,Thread Group 1-503,text,true,,22003,118,132,132,http://35.247.123.223/,9849,0,946
1545934715063,26445,HTTP Request,200,OK,Thread Group 1-510,text,true,,22003,118,131,131,http://35.247.123.223/,10186,0,955
1545934715271,26293,HTTP Request,200,OK,Thread Group 1-665,text,true,,22003,118,130,130,http://35.247.123.223/,11503,0,1231
1545934715096,26540,HTTP Request,200,OK,Thread Group 1-532,text,true,,22003,118,129,129,http://35.247.123.223/,10579,0,1064
1545934715014,26911,HTTP Request,200,OK,Thread Group 1-470,text,true,,22003,118,128,128,http://35.247.123.223/,25604,0,776
1545934715301,26634,HTTP Request,200,OK,Thread Group 1-690,text,true,,22003,118,127,127,http://35.247.123.223/,11773,0,1238
1545934714805,27272,HTTP Request,200,OK,Thread Group 1-310,text,true,,22003,118,126,126,http://35.247.123.223/,11482,0,1426
1545934714644,27502,HTTP Request,200,OK,Thread Group 1-182,text,true,,22003,118,125,125,http://35.247.123.223/,9882,0,1268
1545934714630,27704,HTTP Request,200,OK,Thread Group 1-111,text,true,,22003,118,124,124,http://35.247.123.223/,15021,0,1654
1545934714748,27589,HTTP Request,200,OK,Thread Group 1-267,text,true,,22003,118,123,123,http://35.247.123.223/,27402,0,1675
1545934714643,27715,HTTP Request,200,OK,Thread Group 1-183,text,true,,22003,118,122,122,http://35.247.123.223/,26994,0,1707
1545934715047,27355,HTTP Request,200,OK,Thread Group 1-496,text,true,,22003,118,121,121,http://35.247.123.223/,10011,0,915
1545934714857,27571,HTTP Request,200,OK,Thread Group 1-348,text,true,,22003,118,120,120,http://35.247.123.223/,10613,0,1203
1545934714821,27704,HTTP Request,200,OK,Thread Group 1-321,text,true,,22003,118,119,119,http://35.247.123.223/,11200,0,1363
1545934715205,27410,HTTP Request,200,OK,Thread Group 1-614,text,true,,22003,118,118,118,http://35.247.123.223/,14454,0,1266
1545934714641,28024,HTTP Request,200,OK,Thread Group 1-116,text,true,,22003,118,117,117,http://35.247.123.223/,14882,0,1621
1545934715528,27139,HTTP Request,200,OK,Thread Group 1-869,text,true,,22003,118,116,116,http://35.247.123.223/,11957,0,1242
1545934714769,27976,HTTP Request,200,OK,Thread Group 1-280,text,true,,22003,118,115,115,http://35.247.123.223/,11811,0,1582
1545934715076,27721,HTTP Request,200,OK,Thread Group 1-517,text,true,,22003,118,114,114,http://35.247.123.223/,10524,0,1004
1545934714617,28242,HTTP Request,200,OK,Thread Group 1-169,text,true,,22003,118,113,113,http://35.247.123.223/,10928,0,1462
1545934715150,27711,HTTP Request,200,OK,Thread Group 1-578,text,true,,22003,118,112,112,http://35.247.123.223/,11391,0,1200
1545934714731,28192,HTTP Request,200,OK,Thread Group 1-251,text,true,,22003,118,111,111,http://35.247.123.223/,11369,0,1468
1545934715259,27670,HTTP Request,200,OK,Thread Group 1-657,text,true,,22003,118,110,110,http://35.247.123.223/,11520,0,1234
1545934715025,27995,HTTP Request,200,OK,Thread Group 1-480,text,true,,22003,118,109,109,http://35.247.123.223/,26868,0,857
1545934714640,28470,HTTP Request,200,OK,Thread Group 1-117,text,true,,22003,118,108,108,http://35.247.123.223/,9281,0,1149
1545934714627,28484,HTTP Request,200,OK,Thread Group 1-177,text,true,,22003,118,107,107,http://35.247.123.223/,11412,0,1614
1545934715397,27804,HTTP Request,200,OK,Thread Group 1-768,text,true,,22003,118,106,106,http://35.247.123.223/,26495,0,1225
1545934715490,27719,HTTP Request,200,OK,Thread Group 1-840,text,true,,22003,118,105,105,http://35.247.123.223/,12059,0,1228
1545934714947,28275,HTTP Request,200,OK,Thread Group 1-418,text,true,,22003,118,104,104,http://35.247.123.223/,8922,0,839
1545934715449,27928,HTTP Request,200,OK,Thread Group 1-810,text,true,,22003,118,103,103,http://35.247.123.223/,11730,0,1211
1545934715542,27835,HTTP Request,200,OK,Thread Group 1-880,text,true,,22003,118,102,102,http://35.247.123.223/,12025,0,1250
1545934714662,28735,HTTP Request,200,OK,Thread Group 1-200,text,true,,22003,118,101,101,http://35.247.123.223/,28007,0,1222
1545934715306,28147,HTTP Request,200,OK,Thread Group 1-694,text,true,,22003,118,100,100,http://35.247.123.223/,27609,0,1237
1545934714918,28537,HTTP Request,200,OK,Thread Group 1-388,text,true,,22003,118,99,99,http://35.247.123.223/,9717,0,1006
1545934714927,28567,HTTP Request,200,OK,Thread Group 1-402,text,true,,22003,118,98,98,http://35.247.123.223/,9686,0,989
1545934715162,28362,HTTP Request,200,OK,Thread Group 1-584,text,true,,22003,118,97,97,http://35.247.123.223/,27765,0,1257
1545934714656,28876,HTTP Request,200,OK,Thread Group 1-192,text,true,,22003,118,96,96,http://35.247.123.223/,28015,0,1256
1545934715476,28073,HTTP Request,200,OK,Thread Group 1-828,text,true,,22003,118,95,95,http://35.247.123.223/,12062,0,1216
1545934715523,28044,HTTP Request,200,OK,Thread Group 1-868,text,true,,22003,118,94,94,http://35.247.123.223/,12162,0,1236
1545934715511,28125,HTTP Request,200,OK,Thread Group 1-857,text,true,,22003,118,93,93,http://35.247.123.223/,11904,0,1233
1545934714728,28915,HTTP Request,200,OK,Thread Group 1-237,text,true,,22003,118,92,92,http://35.247.123.223/,28191,0,1156
1545934715028,28631,HTTP Request,200,OK,Thread Group 1-481,text,true,,22003,118,91,91,http://35.247.123.223/,27892,0,868
1545934715068,28616,HTTP Request,200,OK,Thread Group 1-511,text,true,,22003,118,90,90,http://35.247.123.223/,10048,0,975
1545934715202,28532,HTTP Request,200,OK,Thread Group 1-612,text,true,,22003,118,89,89,http://35.247.123.223/,27983,0,1266
1545934715530,28290,HTTP Request,200,OK,Thread Group 1-872,text,true,,22003,118,88,88,http://35.247.123.223/,12155,0,1249
1545934715030,28890,HTTP Request,200,OK,Thread Group 1-484,text,true,,22003,118,87,87,http://35.247.123.223/,28159,0,882
1545934714917,29013,HTTP Request,200,OK,Thread Group 1-397,text,true,,22003,118,86,86,http://35.247.123.223/,28005,0,1017
1545934714922,29015,HTTP Request,200,OK,Thread Group 1-399,text,true,,22003,118,85,85,http://35.247.123.223/,28006,0,994
1545934715506,28432,HTTP Request,200,OK,Thread Group 1-853,text,true,,22003,118,84,84,http://35.247.123.223/,11946,0,1235
1545934714628,29314,HTTP Request,200,OK,Thread Group 1-139,text,true,,22003,118,83,83,http://35.247.123.223/,12834,0,1600
1545934715547,28419,HTTP Request,200,OK,Thread Group 1-887,text,true,,22003,118,82,82,http://35.247.123.223/,13627,0,1251
1545934715109,28864,HTTP Request,200,OK,Thread Group 1-544,text,true,,22003,118,81,81,http://35.247.123.223/,15493,0,1091
1545934715370,28690,HTTP Request,200,OK,Thread Group 1-745,text,true,,22003,118,80,80,http://35.247.123.223/,11912,0,1228
1545934715539,28580,HTTP Request,200,OK,Thread Group 1-879,text,true,,22003,118,79,79,http://35.247.123.223/,12040,0,1253
1545934714763,29437,HTTP Request,200,OK,Thread Group 1-276,text,true,,22003,118,78,78,http://35.247.123.223/,12038,0,1599
1545934715264,29111,HTTP Request,200,OK,Thread Group 1-660,text,true,,22003,118,77,77,http://35.247.123.223/,11719,0,1233
1545934714632,29841,HTTP Request,200,OK,Thread Group 1-128,text,true,,22003,118,76,76,http://35.247.123.223/,11904,0,1709
1545934714630,29846,HTTP Request,200,OK,Thread Group 1-64,text,true,,22003,118,75,75,http://35.247.123.223/,11844,0,1663
1545934714729,29751,HTTP Request,200,OK,Thread Group 1-228,text,true,,22003,118,74,74,http://35.247.123.223/,10468,0,1331
1545934715562,28921,HTTP Request,200,OK,Thread Group 1-897,text,true,,22003,118,73,73,http://35.247.123.223/,12163,0,1249
1545934715233,29427,HTTP Request,200,OK,Thread Group 1-637,text,true,,22003,118,72,72,http://35.247.123.223/,11688,0,1243
1545934714629,30045,HTTP Request,200,OK,Thread Group 1-110,text,true,,22003,118,71,71,http://35.247.123.223/,11379,0,1594
1545934715506,29200,HTTP Request,200,OK,Thread Group 1-852,text,true,,22003,118,70,70,http://35.247.123.223/,13343,0,1230
1545934715563,29264,HTTP Request,200,OK,Thread Group 1-902,text,true,,22003,118,69,69,http://35.247.123.223/,12097,0,1257
1545934715191,29723,HTTP Request,200,OK,Thread Group 1-606,text,true,,22003,118,68,68,http://35.247.123.223/,12122,0,1275
1545934715050,29879,HTTP Request,200,OK,Thread Group 1-497,text,true,,22003,118,67,67,http://35.247.123.223/,10129,0,922
1545934714611,30319,HTTP Request,200,OK,Thread Group 1-79,text,true,,22003,118,66,66,http://35.247.123.223/,29586,0,1346
1545934715305,29662,HTTP Request,200,OK,Thread Group 1-693,text,true,,22003,118,65,65,http://35.247.123.223/,11826,0,1238
1545934714638,30399,HTTP Request,200,OK,Thread Group 1-114,text,true,,22003,118,64,64,http://35.247.123.223/,18347,0,1357
1545934715219,29909,HTTP Request,200,OK,Thread Group 1-625,text,true,,22003,118,63,63,http://35.247.123.223/,13318,0,1253
1545934715377,29842,HTTP Request,200,OK,Thread Group 1-752,text,true,,22003,118,62,62,http://35.247.123.223/,13421,0,1227
1545934715267,29955,HTTP Request,200,OK,Thread Group 1-664,text,true,,22003,118,61,61,http://35.247.123.223/,11712,0,1233
1545934714872,30456,HTTP Request,200,OK,Thread Group 1-361,text,true,,22003,118,60,60,http://35.247.123.223/,29607,0,1136
1545934714779,30622,HTTP Request,200,OK,Thread Group 1-288,text,true,,22003,118,59,59,http://35.247.123.223/,11638,0,1543
1545934714955,30520,HTTP Request,200,OK,Thread Group 1-425,text,true,,22003,118,58,58,http://35.247.123.223/,9860,0,753
1545934714608,30880,HTTP Request,200,OK,Thread Group 1-51,text,true,,22003,118,57,57,http://35.247.123.223/,30100,0,1396
1545934715061,30457,HTTP Request,200,OK,Thread Group 1-505,text,true,,22003,118,56,56,http://35.247.123.223/,18115,0,950
1545934714728,30814,HTTP Request,200,OK,Thread Group 1-246,text,true,,22003,118,55,55,http://35.247.123.223/,29984,0,1281
1545934715133,30550,HTTP Request,200,OK,Thread Group 1-564,text,true,,22003,118,54,54,http://35.247.123.223/,11188,0,1166
1545934715336,30442,HTTP Request,200,OK,Thread Group 1-720,text,true,,22003,118,53,53,http://35.247.123.223/,12052,0,1237
1545934715506,30273,HTTP Request,200,OK,Thread Group 1-854,text,true,,22003,118,52,52,http://35.247.123.223/,12112,0,1237
1545934714603,31560,HTTP Request,200,OK,Thread Group 1-97,text,true,,22003,118,51,51,http://35.247.123.223/,30618,0,1470
1545934715072,31099,HTTP Request,200,OK,Thread Group 1-513,text,true,,22003,118,50,50,http://35.247.123.223/,30148,0,990
1545934715361,30815,HTTP Request,200,OK,Thread Group 1-737,text,true,,22003,118,49,49,http://35.247.123.223/,11852,0,1232
1545934715158,31018,HTTP Request,200,OK,Thread Group 1-582,text,true,,22003,118,49,49,http://35.247.123.223/,11709,0,1213
1545934714647,31598,HTTP Request,200,OK,Thread Group 1-186,text,true,,22003,118,47,47,http://35.247.123.223/,11475,0,1631
1545934715306,30999,HTTP Request,200,OK,Thread Group 1-695,text,true,,22003,118,46,46,http://35.247.123.223/,13135,0,1247
1545934715502,30870,HTTP Request,200,OK,Thread Group 1-850,text,true,,22003,118,45,45,http://35.247.123.223/,30161,0,1221
1545934715349,31033,HTTP Request,200,OK,Thread Group 1-730,text,true,,22003,118,44,44,http://35.247.123.223/,30315,0,1233
1545934715136,31259,HTTP Request,200,OK,Thread Group 1-566,text,true,,22003,118,43,43,http://35.247.123.223/,30544,0,1167
1545934715450,30972,HTTP Request,200,OK,Thread Group 1-787,text,true,,22003,118,42,42,http://35.247.123.223/,30252,0,1219
1545934715415,31018,HTTP Request,200,OK,Thread Group 1-784,text,true,,22003,118,41,41,http://35.247.123.223/,30288,0,1224
1545934715372,31068,HTTP Request,200,OK,Thread Group 1-748,text,true,,22003,118,40,40,http://35.247.123.223/,30350,0,1232
1545934715407,31063,HTTP Request,200,OK,Thread Group 1-777,text,true,,22003,118,39,39,http://35.247.123.223/,30316,0,1225
1545934715456,31405,HTTP Request,200,OK,Thread Group 1-814,text,true,,22003,118,38,38,http://35.247.123.223/,12023,0,1222
1545934715542,31489,HTTP Request,200,OK,Thread Group 1-881,text,true,,22003,118,37,37,http://35.247.123.223/,12056,0,1252
1545934714602,32474,HTTP Request,200,OK,Thread Group 1-60,text,true,,22003,118,36,36,http://35.247.123.223/,31644,0,1511
1545934715563,31568,HTTP Request,200,OK,Thread Group 1-899,text,true,,22003,118,35,35,http://35.247.123.223/,12025,0,1248
1545934715036,33210,HTTP Request,200,OK,Thread Group 1-488,text,true,,22003,118,34,34,http://35.247.123.223/,17516,0,888
1545934714730,33621,HTTP Request,200,OK,Thread Group 1-226,text,true,,22003,118,33,33,http://35.247.123.223/,32799,0,1438
1545934714824,33538,HTTP Request,200,OK,Thread Group 1-324,text,true,,22003,118,32,32,http://35.247.123.223/,32709,0,1350
1545934715326,33117,HTTP Request,200,OK,Thread Group 1-711,text,true,,22003,118,31,31,http://35.247.123.223/,32392,0,1239
1545934715312,33137,HTTP Request,200,OK,Thread Group 1-698,text,true,,22003,118,30,30,http://35.247.123.223/,32407,0,1242
1545934715349,33120,HTTP Request,200,OK,Thread Group 1-729,text,true,,22003,118,29,29,http://35.247.123.223/,32372,0,1237
1545934715331,33138,HTTP Request,200,OK,Thread Group 1-714,text,true,,22003,118,28,28,http://35.247.123.223/,32391,0,1238
1545934715188,33296,HTTP Request,200,OK,Thread Group 1-604,text,true,,22003,118,27,27,http://35.247.123.223/,32535,0,1277
1545934715346,33201,HTTP Request,200,OK,Thread Group 1-727,text,true,,22003,118,26,26,http://35.247.123.223/,32379,0,1238
1545934714637,34036,HTTP Request,200,OK,Thread Group 1-3,text,true,,22003,118,25,25,http://35.247.123.223/,33144,0,1557
1545934714812,34394,HTTP Request,200,OK,Thread Group 1-316,text,true,,22003,118,24,24,http://35.247.123.223/,33224,0,1401
1545934715217,34128,HTTP Request,200,OK,Thread Group 1-624,text,true,,22003,118,23,23,http://35.247.123.223/,21271,0,1255
1545934714625,34946,HTTP Request,200,OK,Thread Group 1-12,text,true,,22003,118,22,22,http://35.247.123.223/,13367,0,1462
1545934715202,34371,HTTP Request,200,OK,Thread Group 1-611,text,true,,22003,118,21,21,http://35.247.123.223/,6512,0,1269
1545934714639,34936,HTTP Request,200,OK,Thread Group 1-180,text,true,,22003,118,20,20,http://35.247.123.223/,13390,0,1691
1545934714767,34937,HTTP Request,200,OK,Thread Group 1-278,text,true,,22003,118,19,19,http://35.247.123.223/,11803,0,1588
1545934714942,34826,HTTP Request,200,OK,Thread Group 1-413,text,true,,22003,118,18,18,http://35.247.123.223/,9685,0,875
1545934714729,37071,HTTP Request,200,OK,Thread Group 1-232,text,true,,22003,118,17,17,http://35.247.123.223/,13139,0,1356
1545934715346,37662,HTTP Request,200,OK,Thread Group 1-725,text,true,,22003,118,16,16,http://35.247.123.223/,36786,0,1238
1545934715321,38524,HTTP Request,200,OK,Thread Group 1-705,text,true,,22003,118,15,15,http://35.247.123.223/,12840,0,1242
1545934715388,38461,HTTP Request,200,OK,Thread Group 1-762,text,true,,22003,118,14,14,http://35.247.123.223/,12941,0,1232
1545934715538,38351,HTTP Request,200,OK,Thread Group 1-878,text,true,,22003,118,13,13,http://35.247.123.223/,8436,0,1254
1545934715316,40402,HTTP Request,200,OK,Thread Group 1-703,text,true,,22003,118,12,12,http://35.247.123.223/,13129,0,1247
1545934715461,40623,HTTP Request,200,OK,Thread Group 1-817,text,true,,22003,118,11,11,http://35.247.123.223/,14026,0,1218
1545934715472,40614,HTTP Request,200,OK,Thread Group 1-824,text,true,,22003,118,10,10,http://35.247.123.223/,15933,0,1220
1545934715354,40931,HTTP Request,200,OK,Thread Group 1-734,text,true,,22003,118,9,9,http://35.247.123.223/,12795,0,1236
1545934715196,42572,HTTP Request,200,OK,Thread Group 1-608,text,true,,22003,118,8,8,http://35.247.123.223/,13123,0,1270
1545934715372,42573,HTTP Request,200,OK,Thread Group 1-749,text,true,,22003,118,7,7,http://35.247.123.223/,12937,0,1232
1545934715472,42672,HTTP Request,200,OK,Thread Group 1-825,text,true,,22003,118,6,6,http://35.247.123.223/,12652,0,1218
1545934715331,43002,HTTP Request,200,OK,Thread Group 1-716,text,true,,22003,118,5,5,http://35.247.123.223/,12899,0,1239
1545934715188,43153,HTTP Request,200,OK,Thread Group 1-601,text,true,,22003,118,4,4,http://35.247.123.223/,13299,0,1278
1545934715225,43124,HTTP Request,200,OK,Thread Group 1-631,text,true,,22003,118,3,3,http://35.247.123.223/,42550,0,1251
1545934715332,43022,HTTP Request,200,OK,Thread Group 1-717,text,true,,22003,118,2,2,http://35.247.123.223/,12838,0,1240
1545934714750,47366,HTTP Request,200,OK,Thread Group 1-268,text,true,,22003,118,1,1,http://35.247.123.223/,12154,0,1673
